369124670 15.9556
369124666 15.9556
369124662 15.9556
369124669 15.4766
369124665 15.4766
369124661 15.4766
369124654 15.4487
369124650 15.4487
369124646 15.4487
369124422 14.8805
369124653 14.6394
369124649 14.6394
369124645 14.6394
369124421 14.2477
369124758 13.3833
369124398 13.18
369124718 12.9891
369124714 12.9891
369124710 12.9891
369124430 12.8585
369124757 12.7093
369125870 12.6318
369153148 12.2944
369124717 12.2484
369124713 12.2484
369124709 12.2484
369124686 12.2461
369124682 12.2461
369124678 12.2461
369124397 12.0812
369124685 11.8631
369124681 11.8631
369124677 11.8631
369124702 11.8241
369124698 11.8241
369124694 11.8241
369154172 11.8124
369124726 11.485
369124429 11.4549
369124701 11.3808
369124697 11.3808
369124693 11.3808
369153116 11.3551
369153132 11.0291
369124725 10.9996
369154156 10.8575
369124414 10.7691
369124774 10.7056
369124382 10.6056
369124746 10.5008
