402666145 18.2172
402666141 18.2172
402666137 18.2172
402666782 17.6133
402666146 17.3102
402666142 17.3102
402666138 17.3102
402666781 15.8451
402666265 15.4035
402666261 15.4035
402666257 15.4035
402666277 14.6391
402666273 14.6391
402666269 14.6391
402666133 14.4994
402666129 14.4994
402666125 14.4994
402666134 13.907
402666130 13.907
402666126 13.907
402666266 13.7591
402666262 13.7591
402666258 13.7591
402666777 13.4941
402666278 13.1718
402666274 13.1718
402666270 13.1718
402666778 12.8184
402666786 11.955
402666785 11.3189
402666793 10.0464
402666637 9.20733
402666789 9.07533
402666797 8.89038
402666794 8.81244
402666641 8.51949
402666790 8.45312
402666638 8.35518
402666798 8.07713
402666633 7.80167
402666642 7.79865
402666634 6.95187
402666774 6.02403
402666673 5.25978
402666669 5.25978
402666629 5.25978
402666674 4.98062
402666670 4.98062
402666630 4.98062
402666773 4.88321
