00001 20170527221517 295376 7532161 10
00001 20170527221727 295376 9260037 10
00002 20170527221834 295376 11979500 20
00002 20170527222044 295376 17360101 20
00003 20170527222152 295376 20150402 30
00003 20170527222402 295376 25465468 30
00004 20170527222510 295376 28278701 40
00004 20170527222721 295376 33604459 40
00005 20170527222817 295376 35974371 50
00005 20170527223028 295376 41296140 50
00006 20170527223144 295376 44447671 60
00006 20170527223355 295376 49837677 60
00007 20170527223458 295376 52434962 75
00007 20170527223709 295376 57765326 75
00008 20170527223812 295376 60387345 90
00008 20170527224023 295376 65716779 90
00009 20170527224130 295376 68437602 105
00009 20170527224340 295376 73839290 105
00010 20170527224437 295376 76140999 120
00010 20170527224648 295376 81488738 120
00011 20170527224754 295376 84180654 135
00011 20170527225005 295376 89544581 135
00012 20170527225058 295376 91715848 150
00012 20170527225309 295376 97042632 150
00013 20170527225420 295376 99946369 165
00013 20170527225631 295376 105533844 165
00014 20170527225744 295376 108744598 180
00014 20170527225954 295376 114442118 180
00015 20170527230053 295376 117029669 195
00015 20170527230303 295376 122746325 195
00016 20170527230410 295376 125518218 210
00016 20170527230620 295376 131200220 210
00017 20170527230714 295376 133499848 225
00017 20170527230925 295376 139169458 225
00018 20170527231029 295376 141929137 240
00018 20170527231239 295376 147567883 240
00019 20170527231338 295376 150095684 255
00019 20170527231549 295376 155700061 255
00020 20170527231656 295376 158578269 270
00020 20170527231906 295376 164286562 270
00021 20170527232015 295376 167255500 285
00021 20170527232226 295376 172941142 285
00022 20170527232327 295376 175543158 300
00022 20170527232538 295376 0 300

