00022 20121130213313 201948448 43860244C 350 208341
00022 20121130213913 219600640 47911286C 350 208341
00023 20121130213944 221072004 48250353C 325 208341
00023 20121130214544 238583437 52301143C 325 208341
00024 20121130214620 240359376 52705852C 300 208341
00024 20121130215220 258029276 56756714C 300 208341
00025 20121130215250 259502056 57096614C 285 208341
00025 20121130215850 276690971 61147667C 285 208341
00026 20121130215926 278335274 61549755C 270 208341
00026 20121130220526 295622917 65600919C 270 208341
00027 20121130220613 297822254 66119010C 255 208341
00027 20121130221213 314869765 70170042C 255 208341
00028 20121130221301 317037985 70719021C 240 208341
00028 20121130221902 333927834 74770104C 240 208341
00029 20121130222050 338967614 75986845C 225 208341
00029 20121130222650 355644392 80037856C 225 208341
00030 20121130222851 361199960 81399034C 210 208341
00030 20121130223451 377187255 85450076C 210 208341
00031 20121130223559 380263531 86212773C 195 208341
00031 20121130224200 396527124 90264150C 195 208341
00032 20121130224228 397784546 90579566C 180 208341
00032 20121130224828 413895407 94630572C 180 208341
00033 20121130225040 419748915 96111502C 165 208341
00033 20121130225640 435657260 100162514C 165 208341
00034 20121130225712 437070789 100524609C 150 208341
00034 20121130230312 452667000 104575952C 150 208341
00035 20121130230359 454666485 105099526C 135 208341
00035 20121130230959 472240634 109150743C 135 208341
00036 20121130231050 474837624 109720335C 120 208341
00036 20121130231650 493014524 113771308C 120 208341
00037 20121130231738 495452532 114311186C 105 208341
00037 20121130232338 513644493 118362451C 105 208341
00038 20121130232416 515569539 118792851C 90 208341
00038 20121130233017 533592863 122844205C 90 208341
00039 20121130233055 535513769 123277664C 75 208341
00039 20121130233656 552864363 127328743C 75 208341
00040 20121130233726 554381457 127674159C 60 208341
00040 20121130234327 572075807 131725275C 60 208341
00041 20121130234510 577128519 132887929C 45 208341
00041 20121130235110 592807378 136938966C 45 208341
00042 20121130235135 594012529 137219174C 30 208341
00042 20121130235735 611352361 141270479C 30 208341
