00001 20100728202923 542190094 0C 60 141865
00001 20100728203326 564335029 0C 60 141865
00002 20100728203748 580987291 0C 80 141865
00002 20100728204150 603093256 0C 80 141865
00003 20100728204317 610953488 0C 95 141865
00003 20100728204716 632806667 0C 95 141865
00004 20100728204904 642703627 0C 110 141865
00004 20100728205311 665246078 0C 110 141865
00005 20100728213242 0 0C 50 141865
00005 20100728213626 1 0C 50 141865
00006 20100728220523 3382733 0C 50 141873
00006 20100728220836 18807862 0C 50 141873
00007 20100728222114 4510599 0C 70 141874
00007 20100728222528 27375291 0C 70 141874
00008 20100728222744 39721855 0C 100 141874
00008 20100728223144 61408657 0C 100 141874
00009 20100728223339 71751152 0C 125 141874
00009 20100728223741 93581535 0C 125 141874
00010 20100728223936 103897027 0C 140 141874
00010 20100728224338 125902363 0C 140 141874
00011 20100728224527 135713798 0C 155 141874
00011 20100728224930 157641539 0C 155 141874
00012 20100728225220 165085816 0C 170 141874
00012 20100728225622 186653161 0C 170 141874
00013 20100728225818 0 0C 185 141874
00013 20100728230144 1 0C 185 141874
00014 20100728230509 6997650 0C 185 141876
00014 20100728230716 18207931 0C 185 141876
00015 20100728230918 0 0C 200 141876
00015 20100728231318 1 0C 200 141876
00016 20100728231743 0 0C 215 141876
00016 20100728232144 1 0C 215 141876
00017 20100728232330 0 0C 230 141876
00017 20100728232735 1 0C 230 141876
00018 20100728232921 0 0C 245 141876
00018 20100728233323 1 0C 245 141876
00019 20100728233539 0 0C 260 141876
00019 20100728233940 1 0C 260 141876
00020 20100728235211 0 0C 275 141876
00020 20100728235803 1 0C 275 141876
00021 20100729002300 0 0C 300 141876
00021 20100729003000 1 0C 300 141876
