00001 20240702084702 382655 1543329113 10
00001 20240702085202 382655 1569787675 10
00002 20240702085333 382655 1577577102 15
00002 20240702085833 382655 1603970125 15
00003 20240702090024 382655 1613774026 20
00003 20240702090525 382655 1640419298 20
00004 20240702090615 382655 1645045162 25
00004 20240702091116 382655 1673077977 25
00005 20240702091137 382655 1675019485 30
00005 20240702091637 382655 1702897236 30
00006 20240702091655 382655 1704586197 35
00006 20240702092156 382655 1731426421 35
00007 20240702092241 382655 1735670240 40
00007 20240702092742 382655 1762814604 40
00008 20240702092848 382655 1768910488 50
00008 20240702093349 382655 1795838977 50
00009 20240702093412 382655 1797947671 60
00009 20240702093912 382655 1825013443 60
00010 20240702094113 382655 1835802647 70
00010 20240702094614 382655 1862388238 70
00011 20240702094759 382655 1871596518 80
00011 20240702095259 382655 1897877649 80
00012 20240702095533 382655 1911371078 90
00012 20240702100033 382655 1937301475 90
00013 20240702100118 382655 1941265193 105
00013 20240702100618 382655 1966845498 105
00014 20240702100643 382655 1969050686 120
00014 20240702101144 382655 1994611123 120
00015 20240702101210 382655 1996790008 135
00015 20240702101710 382655 2022255137 135
00016 20240702101745 382655 2025024945 150
00016 20240702102245 382655 2050316700 150
00017 20240702102331 382655 2054175310 165
00017 20240702102832 382655 2078682590 165
00018 20240702102904 382655 2081408680 180
00018 20240702103404 382655 2106078341 180
00019 20240702103459 382655 2110721735 200
00019 20240702103959 382655 2135140373 200
00020 20240702104026 382655 2137410218 225
00020 20240702104527 382655 2161857694 225
00021 20240702104613 382655 2165538766 250
00021 20240702105113 382655 2189952218 250
00022 20240702105403 382655 2203603336 275
00022 20240702105904 382655 2226698710 275
00023 20240702105934 382655 2229124412 300
00023 20240702110435 382655 2252849439 300

