00001 20120506150730 182945842 78114394C 300 193541
00001 20120506151029 188539294 80139699C 300 193541
00002 20120506151144 190849859 80979978C 350 193541
00002 20120506151444 196394813 83005343C 350 193541
00003 20120506151522 197563955 83432158C 325 193541
00003 20120506151822 203003335 85457443C 325 193541
00004 20120506151912 204513822 86013945C 285 193541
00004 20120506152212 209998549 88039225C 285 193541
00005 20120506152334 212493311 88965841C 270 193541
00005 20120506152635 217938415 90991078C 270 193541
00006 20120506152718 219249364 91480054C 255 193541
00006 20120506153018 224659605 93505319C 255 193541
00007 20120506153101 225932495 93983038C 240 193541
00007 20120506153401 231300775 96008404C 240 193541
00008 20120506153434 232293389 96383704C 225 193541
00008 20120506153734 237616536 98409074C 225 193541
00009 20120506153801 238331418 98706338C 210 193541
00009 20120506154101 243635565 100731529C 210 193541
00010 20120506154211 245689461 101523322C 195 193541
00010 20120506154511 250945806 103548519C 195 193541
00011 20120506154653 253901121 104691326C 180 193541
00011 20120506154953 259113407 106716563C 180 193541
00012 20120506155017 259807826 106988691C 165 193541
00012 20120506155317 264985771 109013977C 165 193541
00013 20120506155428 267019403 109810284C 150 193541
00013 20120506155728 272171281 111835683C 150 193541
00014 20120506155804 273190286 112238248C 135 193541
00014 20120506160104 278298043 114263428C 135 193541
00015 20120506160252 281345723 115478749C 120 193541
00015 20120506160552 286402517 117503952C 120 193541
00016 20120506160910 291948573 119740870C 105 193541
00016 20120506161211 296922295 121766031C 105 193541
00017 20120506161242 297784580 122118355C 90 193541
00017 20120506161542 302727165 124143544C 90 193541
00018 20120506161601 303248555 124358224C 75 193541
00018 20120506161901 308146741 126383466C 75 193541
00019 20120506161935 309054000 126759582C 60 193541
00019 20120506162235 313903050 128784923C 60 193541
00020 20120506162253 314378098 128984304C 45 193541
00020 20120506162553 319190348 131009632C 45 193541
00021 20120506162609 319631950 131196093C 30 193541
00021 20120506162910 324405251 133223176C 30 193541
