00001 20151121101953  877195351   877195351 30   262254 
00001 20151121102203  882885754   882885754 30   262254 
00002 20151121102235  884213737   884213737 45   262254 
00002 20151121102446  889848703   889848703 45   262254 
00003 20151121102507  890811515   890811515 60   262254 
00003 20151121102718  896455002   896455002 60   262254 
00004 20151121102733  897113767   897113767 75   262254 
00004 20151121102944  902667278   902667278 75   262254 
00005 20151121102957  903250630   903250630 90   262254 
00005 20151121103208  908820051   908820051 90   262254 
00006 20151121103238  910141487   910141487 105  262254 
00006 20151121103448  915700222   915700222 105  262254 
00007 20151121103459  916138242   916138242 120  262254 
00007 20151121103710  921759452   921759452 120  262254 
00008 20151121103725  922355494   922355494 135  262254 
00008 20151121103935  927955034   927955034 135  262254 
00009 20151121103950  928597381   928597381 150  262254 
00009 20151121104201  934145366   934145366 150  262254 
00010 20151121104212  934585004   934585004 165  262254 
00010 20151121104423  940157290   940157290 165  262254 
00011 20151121104432  940592850   940592850 180  262254 
00011 20151121104643  946096872   946096872 180  262254 
00012 20151121104721  947698930   947698930 195  262254 
00012 20151121104931  953194991   953194991 195  262254 
00013 20151121104942  953628236   953628236 210  262254 
00013 20151121105152  959186096   959186096 210  262254 
00014 20151121105222  960408260   960408260 225  262254 
00014 20151121105433  965926815   965926815 225  262254 
00015 20151121105513  967592403   967592403 240  262254 
00015 20151121105724  973155356   973155356 240  262254 
00016 20151121105736  973663161   973663161 255  262254 
00016 20151121105947  979087898   979087898 255  262254 
00017 20151121110017  980381412   980381412 270  262254 
00017 20151121110228  985902336   985902336 270  262254 
00018 20151121110239  986327123   986327123 285  262254 
00018 20151121110449  991787290   991787290 285  262254 
00019 20151121110500  992216092   992216092 300  262254 
00019 20151121110711  997700565   997700565 300  262254 
00020 20151121110722  998197028   998197028 325  262254 
00020 20151121110933  1003604211  1003604211 325 262254 
00021 20151121110944  1004036816  1004036816 350 262254 
00021 20151121111154  1009449815  1009449815 350 262254 
