00001 20180530112848 317182 502997794 10
00001 20180530113058 317182 510294802 10
00002 20180530113221 317182 514998425 15
00002 20180530113432 317182 522275614 15
00003 20180530113525 317182 525169231 20
00003 20180530113736 317182 532531353 20
00004 20180530113833 317182 535619656 25
00004 20180530114044 317182 542835283 25
00005 20180530114259 317182 549641244 30
00005 20180530114509 317182 556790698 30
00006 20180530114628 317182 561194863 35
00006 20180530114839 317182 568242008 35
00007 20180530115034 317182 574555959 40
00007 20180530115245 317182 581698729 40
00008 20180530115414 317182 586441296 50
00008 20180530115624 317182 593421873 50
00009 20180530115737 317182 596446541 60
00009 20180530115948 317182 603394584 60
00010 20180530120039 317182 606048860 70
00010 20180530120250 317182 613080199 70
00011 20180530120358 317182 616701147 80
00011 20180530120608 317182 623679484 80
00012 20180530120705 317182 626645432 90
00012 20180530120916 317182 633596831 90
00013 20180530121039 317182 637955411 105
00013 20180530121249 317182 644770550 105
00014 20180530122103 317182 673141330 120
00014 20180530122314 317182 682792734 120
00015 20180530122510 317182 691274240 135
00015 20180530122721 317182 700849537 135
00016 20180530122948 317182 711616525 150
00016 20180530123158 317182 721131335 150
00017 20180530123443 317182 733145279 165
00017 20180530123654 317182 742524799 165
00018 20180530123803 317182 746204049 180
00018 20180530124014 317182 755327393 180
00019 20180530124151 317182 762428480 200
00019 20180530124402 317182 771732125 200
00020 20180530124530 317182 777897777 225
00020 20180530124741 317182 787258625 225
00021 20180530124827 317182 790520337 250
00021 20180530125038 317182 799863087 250
00022 20180530125138 317182 803993655 275
00022 20180530125349 317182 813131043 275
00023 20180530125514 317182 819099381 300
00023 20180530125725 317182 828309488 300
