10001 20121130181300 050000000 00000000C 01 208339
10001 20121130182000 080000000 00000000C 01 208339
10002 20121130182200 090000000 00000000C 03 208339
10002 20121130182900 120000000 00000000C 03 208339
00000 20121130183100 130000000 00000000C 05 208339
00000 20121130183700 160000000 00000000C 05 208339
00001 20121130184059 176990638 39591014C 30 208339
00001 20121130184659 203884157 43645159C 30 208339
00002 20121130184849 212016438 44880844C 45 208339
00002 20121130185449 238128268 48931814C 45 208339
00003 20121130185541 241872828 49514732C 60 208339
00003 20121130190141 267442061 53565729C 60 208339
00004 20121130190351 276499213 55019414C 75 208339
00004 20121130190951 301383468 59070600C 75 208339
00005 20121130191040 304737819 59623941C 90 208339
00005 20121130191640 329012345 63675051C 90 208339
00006 20121130191728 332223627 64216946C 105 208339
00006 20121130192329 356054663 68268013C 105 208339
00007 20121130192418 359272085 68821438C 120 208339
00007 20121130193018 382461829 72872745C 120 208339
00008 20121130193157 388826192 73986199C 135 208339
00008 20121130193757 411659352 78037126C 135 208339
00009 20121130193936 417852929 79147885C 150 208339
00009 20121130194536 440039626 83198920C 150 208339
00010 20121130194638 443818229 83890673C 165 208339
00010 20121130195238 465762556 87941794C 165 208339
00011 20121130195320 468371188 88410859C 180 208339
00011 20121130195920 490562200 92462024C 180 208339
00012 20121130200110 497338102 93702066C 194 208339
00012 20121130200711 504966018 97753062C 194 208339
00013 20121130203116 9937246 2059960C 195 208341
00013 20121130203716 30326102 6111265C 195 208341
00014 20121130203810 33303954 6709242C 210 208341
00014 20121130204410 53359954 10760853C 210 208341
00015 20121130204510 56714257 11443598C 225 208341
00015 20121130205111 76326498 15494684C 225 208341
00016 20121130205153 78640301 15974158C 240 208341
00016 20121130205754 98031841 20025029C 240 208341
00017 20121130205906 101878519 20839162C 255 208341
00017 20121130210506 116659790 24890328C 255 208341
00018 20121130210648 122000667 26040722C 270 208341
00018 20121130211249 140653018 30091920C 270 208341
00019 20121130211318 142166821 30422542C 285 208341
00019 20121130211918 160498186 34474499C 285 208341
00020 20121130211946 161908101 34789981C 300 208341
00020 20121130212547 179936447 38840982C 300 208341
00021 20121130212621 181643861 39226349C 325 208341
00021 20121130213221 199452217 43277461C 325 208341
00022 20121130213313 201948448 43860244C 350 208341
00022 20121130213913 219600640 47911286C 350 208341
