00023 20120812234248 281916894 40648576C 350 200786
00023 20120812234848 307944303 44699622C 350 200786
00024 20120812235108 317922439 46269573C 325 200786
00024 20120812235708 343465566 50320930C 325 200786
00025 20120812235935 353766938 51972439C 300 200786
00025 20120813000535 376678915 56024045C 300 200786
00026 20120813000817 387831666 57837264C 285 200786
00026 20120813001417 412544675 61888620C 285 200786
00027 20120813001557 419291452 63015801C 270 200786
00027 20120813002158 443067761 67066784C 270 200786
00028 20120813002447 455623950 68973103C 255 200786
00028 20120813003047 483682448 73024290C 255 200786
00029 20120813003251 493036917 74416289C 240 200786
00029 20120813003851 520432830 78467446C 240 200786
00030 20120813004200 534911847 80592360C 225 200786
00030 20120813004800 562192436 84643374C 225 200786
00031 20120813005038 573970768 86409547C 210 200786
00031 20120813005638 600862998 90460691C 210 200786
00032 20120813005831 607242964 91740259C 195 200786
00032 20120813010432 633569981 95791301C 195 200786
00033 20120813010613 640943291 96926648C 180 200786
00033 20120813011213 666873126 100978000C 180 200786
00034 20120813011438 675377678 102609745C 165 200786
00034 20120813012038 700968723 106661046C 165 200786
00035 20120813012228 708732311 107892047C 150 200786
00035 20120813012828 732283935 111943151C 150 200786
00036 20120813013005 739078216 113033674C 135 200786
00036 20120813013605 764165987 117084969C 135 200786
00037 20120813013752 771514302 118280067C 120 200786
00037 20120813014352 796250728 122331351C 120 200786
00038 20120813014633 807233481 124145789C 105 200786
00038 20120813015233 831598188 128196763C 105 200786
00039 20120813015418 838323741 129369477C 90 200786
00039 20120813020018 862314072 133420567C 90 200786
00040 20120813020243 871923254 135050107C 75 200786
00040 20120813020843 895332675 139101303C 75 200786
00041 20120813021012 901175474 140106200C 60 200786
00041 20120813021613 924734210 144157428C 60 200786
00042 20120813021925 938980313 146321094C 45 200786
00042 20120813022525 964811997 150372232C 45 200786
00043 20120813022810 976751009 152218664C 30 200786
00043 20120813023410 999673349 156269894C 30 200786
