00001 20120928172736 6461136 1875874C 350 203832
00001 20120928173337 9082455 5936167C 350 203832
00002 20120928173519 11385410 686613C 350 203833
00002 20120928174119 24936927 4737688C 350 203833
00003 20120928174227 27491160 5506801C 325 203833
00003 20120928174829 40893477 9569670C 325 203833
00004 20120928174910 42430135 10037821C 300 203833
00004 20120928175511 55600736 14088947C 300 203833
00005 20120928175541 56718099 14434610C 285 203833
00005 20120928180141 69722526 18485804C 285 203833
00006 20120928180206 70595461 18760149C 270 203833
00006 20120928180806 83425791 22811452C 270 203833
00007 20120928180841 84643738 23198985C 255 203833
00007 20120928181441 97315994 27255610C 255 203833
00008 20120928181456 97839523 27424199C 240 203833
00008 20120928182057 110341508 31475226C 240 203833
00009 20120928182126 111360591 31807254C 225 203833
00009 20120928182726 115980889 35858466C 225 203833
00010 20120928183016 119819396 1275458C 225 203834
00010 20120928183616 131974704 5326392C 225 203834
00011 20120928183833 136571123 6870742C 210 203834
00011 20120928184433 146820223 10922050C 210 203834
00012 20120928185038 151302635 1547955C 210 203835
00012 20120928185638 162975843 5598858C 210 203835
00013 20120928185727 164550109 6148755C 195 203835
00013 20120928190327 176084897 10199920C 195 203835
00014 20120928190504 179169140 11289849C 180 203835
00014 20120928191104 190545211 15340836C 180 203835
00015 20120928191655 201502417 19284157C 165 203835
00015 20120928192255 212635582 23335391C 165 203835
00016 20120928192548 217943670 25283767C 150 203835
00016 20120928193149 228903851 29334824C 150 203835
00017 20120928193729 239142461 33158399C 135 203835
00017 20120928194329 249944048 37209369C 135 203835
00018 20120928194414 251260792 37707748C 120 203835
00018 20120928195014 261920013 41758797C 120 203835
00019 20120928195314 267208132 43781881C 105 203835
00019 20120928195914 277715638 47832850C 105 203835
00020 20120928200310 284584782 50492343C 90 203835
00020 20120928200911 294929384 54546986C 90 203835
00021 20120928201052 297814618 55681229C 75 203835
00021 20120928201652 308021366 59732269C 75 203835
00022 20120928201723 308909099 60085157C 60 203835
00022 20120928202324 319017954 64136199C 60 203835
00023 20120928202354 319873740 64481110C 45 203835
00023 20120928202955 329900142 68532261C 45 203835
00024 20120928203113 332066795 69409277C 30 203835
00024 20120928203713 341970587 73460249C 30 203835
