00001 20160901171643 279865 16364636 350
00001 20160901171854 279865 21755613 350
00002 20160901172904 279865 48874259 325
00002 20160901173116 279865 54680589 325
00003 20160901173507 279865 64893482 300
00003 20160901173718 279865 70677866 300
00004 20160901174147 279865 82395074 285
00004 20160901174358 279865 88220954 285
00005 20160901174850 279865 100954942 270
00005 20160901175101 279865 106560138 270
00006 20160901175449 279865 116480955 255
00006 20160901175701 279865 122194309 255
00007 20160901175921 279865 128281225 240
00007 20160901180132 279865 133860977 240
00008 20160901180408 279865 140548422 225
