00001 20240910135546 385515 502905054 10
00001 20240910140046 385515 533402513 10
00002 20240910140118 385515 536570272 15
00002 20240910140619 385515 566339879 15
00003 20240910140737 385515 574249090 20
00003 20240910141237 385515 604808918 20
00004 20240910141426 385515 615771435 25
00004 20240910141927 385515 646148721 25
00005 20240910141949 385515 648531866 30
00005 20240910142449 385515 676218748 30
00006 20240910142522 385515 679442579 35
00006 20240910143022 385515 709658847 35
00007 20240910143105 385515 713929908 40
00007 20240910143605 385515 744392453 40
00008 20240910143631 385515 747053432 50
00008 20240910144131 385515 777490110 50
00009 20240910144149 385515 779383337 60
00009 20240910144649 385515 809521166 60
00010 20240910144722 385515 812763023 70
00010 20240910145223 385515 843316237 70
00011 20240910145249 385515 846006899 80
00011 20240910145750 385515 876547155 80
00012 20240910145835 385515 881135373 90
00012 20240910150336 385515 910748618 90
00013 20240910150457 385515 919077988 105
00013 20240910150958 385515 949580183 105
00014 20240910151310 385515 968544210 120
00014 20240910151810 385515 999101569 120
00015 20240910151936 385515 1007813647 135
00015 20240910152437 385515 1038681949 135
00016 20240910152528 385515 1043769727 150
00016 20240910153028 385515 1069905012 150
00017 20240910153055 385515 1072584554 165
00017 20240910153555 385515 1096498603 165
00018 20240910153623 385515 1099198611 180
00018 20240910154124 385515 1129648814 180
00019 20240910154151 385515 1132302785 200
00019 20240910154651 385515 1162703010 200
00020 20240910154714 385515 1165124260 225
00020 20240910155214 385515 1195624060 225
00021 20240910155252 385515 1199444424 250
00021 20240910155752 385515 1230047329 250
00022 20240910155825 385515 1233341168 275
00022 20240910160325 385515 1263895016 275
00023 20240910160359 385515 1267376848 300
00023 20240910160900 385515 1297716109 300
