00001 20221126083019 362696 2517884224 10
00001 20221126083229 362696 2527915009 10
00002 20221126083255 362696 2529712952 15
00002 20221126083506 362696 2540777868 15
00003 20221126083610 362696 2546065317 20
00003 20221126083821 362696 2557307096 20
00004 20221126083839 362696 2559074846 25
00004 20221126084050 362696 2571115242 25
00005 20221126084254 362696 2582822670 30
00005 20221126084505 362696 2595256761 30
00006 20221126084528 362696 2597353542 35
00006 20221126084738 362696 2609452793 35
00007 20221126084755 362696 2610097670 40
00007 20221126085006 362696 2622510744 40
00008 20221126085206 362696 2634156842 50
00008 20221126085417 362696 2646611228 50
00009 20221126085609 362696 2657394161 60
00009 20221126085820 362696 2670107720 60
00010 20221126085838 362696 2671425401 70
00010 20221126090048 362696 2683776896 70
00011 20221126090317 362696 2698000538 80
00011 20221126090528 362696 2710433853 80
00012 20221126090557 362696 2713226378 90
00012 20221126090807 362696 2725840809 90
00013 20221126090858 362696 2730657246 100
00013 20221126091109 362696 2742949637 100
00014 20221126091144 362696 2746344467 105
00014 20221126091355 362696 2758734774 105
00015 20221126091437 362696 2762588757 120
00015 20221126091648 362696 2774993427 120
00016 20221126091822 362696 2783710887 135
00016 20221126092032 362696 2795536946 135
00017 20221126092220 362696 2805568425 150
00017 20221126092431 362696 2817446162 150
00018 20221126092627 362696 2828156316 165
00018 20221126092837 362696 2839959765 165
00019 20221126093048 362696 2851913011 180
00019 20221126093258 362696 2863697737 180
00020 20221126093749 362696 2889911638 220
00020 20221126094021 362696 2902417057 220
00021 20221126094104 362696 2906267998 250
00021 20221126094315 362696 2917872036 250
00022 20221126094535 362696 2930522817 275
00022 20221126094746 362696 2942092882 275
00023 20221126094844 362696 2946983569 300
00023 20221126095055 362696 2958749790 300
