Index TimeStamp Run Evt-Id HV {#events}
00001 20170527074208 295324 5019065 10
00001 20170527074419 295324 13396671 10 8377606
00002 20170527074520 295324 17010559 20
00002 20170527074731 295324 24742032 20 7731473
00003 20170527074845 295324 29070899 30
00003 20170527075056 295324 0 30 -29070899
00004 20170527075653 295325 2687088 30
00004 20170527075904 295325 9457918 30 6770830
00005 20170527080001 295325 11690597 40
00005 20170527080212 295326 793639 40 -10896958
00006 20170527080254 295326 3205187 40
00006 20170527080504 295326 0 40 -3205187
00007 20170527080945 295327 338701 40
00007 20170527081156 295327 2823942 40 2485241
00008 20170527081257 295327 5500199 50
00008 20170527081508 295327 10724170 50 5223971
00009 20170527081831 295328 2449401 60
00009 20170527082042 295328 9905348 60 7455947
00010 20170527082144 295328 13510892 75
00010 20170527082355 295328 21128727 75 7617835
00011 20170527082531 295328 26733885 90
00011 20170527082742 295328 34474483 90 7740598
00012 20170527082849 295328 38392018 105
00012 20170527083059 295328 42245563 105 3853545
00013 20170527083359 295329 4852205 120
00013 20170527083609 295329 0 120 -4852205
00014 20170527083945 295330 318734 120
00014 20170527084155 295330 2807916 120 2489182
00015 20170527084321 295330 6676681 135
00015 20170527084532 295330 13828974 135 7152293
00016 20170527084625 295330 16766053 150
00016 20170527084836 295330 24211809 150 7445756
00017 20170527084944 295330 28138030 165
00017 20170527085155 295330 35759430 165 7621400
00018 20170527085304 295330 39833111 180
00018 20170527085515 295330 0 180 -39833111
00019 20170527085744 295331 2666159 180
00019 20170527085955 295331 10431170 180 7765011
00020 20170527090533 295332 290008 195
00020 20170527090743 295332 2705684 195 2415676
00021 20170527090857 295332 6102769 210
00021 20170527091107 295332 13120510 210 7017741
00022 20170527091208 295332 16532859 225
00022 20170527091418 295332 23948103 225 7415244
00023 20170527091524 295332 27800559 240
00023 20170527091735 295332 0 240 -27800559
00024 20170527092014 295334 2520222 240
00024 20170527092224 295334 10085047 240 7564825
00025 20170527092340 295334 14611130 255
00025 20170527092550 295334 0 255 -14611130
00026 20170527092754 295335 2653259 255
00026 20170527093005 295335 10352212 255 7698953
00027 20170527093113 295335 12972773 270
00027 20170527093324 295335 0 270 -12972773
00028 20170527093655 295336 404034 270
00028 20170527093905 295336 0 270 -404034
00029 20170527094054 295337 2053666 270
00029 20170527094305 295337 4975181 270 2921515
00030 20170527100615 295339 1887099 285
00030 20170527100826 295339 6951610 285 5064511
00031 20170527100923 295339 9138333 300
00031 20170527101134 295339 14510525 300 5372192

