00001 20120510213137 16970965 1494675C 300 193928
00001 20120510213407 23189491 3185855C 300 193928
00002 20120510213907 35406715 6550286C 350 193928
00002 20120510214137 41531349 8238262C 350 193928
00003 20120510214440 49012929 10299676C 325 193928
00003 20120510214710 55102708 11987549C 325 193928
00004 20120510214917 60129529 13411390C 285 193928
00004 20120510215147 66163821 15099314C 285 193928
00005 20120510215354 71251349 16529957C 270 193928
00005 20120510215624 77221405 18217952C 270 193928
00006 20120510215926 84444431 20266359C 255 193928
00006 20120510220157 90364609 21954301C 255 193928
00007 20120510220339 94396804 23109667C 240 193928
00007 20120510220609 100261201 24797508C 240 193928
00008 20120510220919 107647489 26934760C 225 193928
00008 20120510221151 113522713 28644367C 225 193928
00009 20120510221457 120675523 30734647C 210 193928
00009 20120510221727 126416573 32422629C 210 193928
00010 20120510221933 131209751 33832815C 195 193928
00010 20120510222203 136916191 35520763C 195 193928
00011 20120510222410 141732490 36950978C 180 193928
00011 20120510222640 147293337 38638930C 180 193928
00012 20120510222913 153026490 40358023C 165 193928
00012 20120510223143 158640582 42045865C 165 193928
00013 20120510223354 163520555 43516541C 150 193928
00013 20120510223624 169101980 45204423C 150 193928
00014 20120510223841 174170360 46741773C 135 193928
00014 20120510224111 179714948 48429708C 135 193928
00015 20120510224227 182528556 49286775C 120 193928
00015 20120510224457 188049529 50974699C 120 193928
00016 20120510224643 191935177 52168972C 105 193928
00016 20120510224913 197381087 53856867C 105 193928
00017 20120510225038 200442840 54809022C 90 193928
00017 20120510225308 205776107 56496865C 90 193928
00018 20120510225453 209539061 57674143C 75 193928
00018 20120510225723 214915165 59362019C 75 193928
00019 20120510225946 220023916 60971790C 60 193928
00019 20120510230216 225358826 62659720C 60 193928
00020 20120510230515 228299577 64674093C 45 193928
00020 20120510230746 228422881 66362120C 45 193928
