00001 20110714234050 97041816 68313977C 30 170040
00001 20110714234250 98958255 69665625C 30 170040
00002 20110714233658 93328671 65702994C 45 170040
00002 20110714233858 95253113 67054610C 45 170040
00003 20110714233249 89340929 62907083C 60 170040
00003 20110714233449 91270578 64258762C 60 170040
00004 20110714232852 85523124 60241648C 75 170040
00004 20110714233052 87459771 61593328C 75 170040
00005 20110714232450 81607464 57518592C 90 170040
00005 20110714232650 83551517 58870197C 90 170040
00006 20110714232033 77426477 54628308C 105 170040
00006 20110714232233 79388937 55981053C 105 170040
00007 20110714231648 73744093 52097621C 120 170040
00007 20110714231848 75716125 53451031C 120 170040
00008 20110714231254 69903659 49464593C 135 170040
00008 20110714231454 71879036 50817028C 135 170040
00009 20110714230842 65752497 46629626C 150 170040
00009 20110714231042 67737734 47983000C 150 170040
00010 20110714230453 61965746 44053175C 165 170040
00010 20110714230653 63957463 45406722C 165 170040
00011 20110714230053 57979671 41358070C 180 170040
00011 20110714230253 59981537 42709692C 180 170040
00012 20110714225719 54405023 38952755C 195 170040
00012 20110714225919 56417302 40304358C 195 170040
00013 20110714225314 50298302 36197497C 210 170040
00013 20110714225514 52314345 37549090C 210 170040
00014 20110714224908 46143257 33427569C 225 170040
00014 20110714225108 48173710 34779171C 225 170040
00015 20110714224510 42118243 30756514C 240 170040
00015 20110714224710 44162031 32108648C 240 170040
00016 20110714161914 18060604 28769572C 255 170000
00016 20110714162114 18917596 30121193C 255 170000
00017 20110714161447 16157123 25768683C 270 170000
00017 20110714161647 17014572 27120237C 270 170000
00018 20110714161019 14244105 22750716C 285 170000
00018 20110714161219 15101053 24104065C 285 170000
00019 20110714160637 12662859 20259148C 300 170000
00019 20110714160838 13521495 21612427C 300 170000
00020 20110714160205 10718829 17197270C 315 170000
00020 20110714160405 11576784 18548786C 315 170000
00021 20110714155832 9195508 14799429C 330 170000
00021 20110714160032 10054273 16150987C 330 170000
00022 20110714155426 7440194 12037745C 345 170000
00022 20110714155626 8299408 13389369C 345 170000
00023 20110714155027 5733331 9352291C 360 170000
00023 20110714155228 6592572 10704004C 360 170000
