00023 20160706171620 276453 7723072 15
00023 20160706171831 276453 11992261 15
00024 20160706171943 276453 15055233 30
00024 20160706172154 276453 20449613 30
00025 20160706172304 276453 23408182 45
00025 20160706172515 276453 28887131 45
00026 20160706172632 276453 32029469 60
00026 20160706172843 276453 37462968 60
00027 20160706172949 276453 42151388 75
00027 20160706173200 276453 51644641 75
00028 20160706173337 276453 58574266 90
00028 20160706173548 276453 68023752 90
00029 20160706173708 276453 73702588 105
00029 20160706173919 276453 83238619 105
00030 20160706174051 276453 90002865 120
00030 20160706174303 276453 99540342 120
00031 20160706174434 276453 106033780 135
00031 20160706174645 276453 115484325 135
00032 20160706174800 276453 120916750 150
00032 20160706175011 276453 130396612 150
00033 20160706175143 276453 137042452 165
00033 20160706175354 276453 146434087 165
00034 20160706175527 276453 153126189 180
00034 20160706175738 276453 162502052 180
00035 20160706175850 276453 167584698 195
00035 20160706180101 276453 176957252 195
