00001 20150603210156 0 0C 15 246963
00001 20150603210856 0 0C 15 246963
00002 20150603211029 0 0C 30 246963
00002 20150603211839 0 0C 30 246963
00003 20150603211925 0 0C 45 246963
00003 20150603212625 0 0C 45 246963
00004 20150603212821 0 0C 60 246963
00004 20150603213521 0 0C 60 246963
00005 20150603213654 0 0C 75 246963
00005 20150603214354 0 0C 75 246963
00006 20150603214550 0 0C 90 246963
00006 20150603215250 0 0C 90 246963
00007 20150603215423 0 0C 105 246963
00007 20150603220123 0 0C 105 246963
00008 20150603220256 0 0C 120 246963
00008 20150603220956 0 0C 120 246963
00009 20150603221129 0 0C 135 246963
00009 20150603221828 0 0C 135 246963
00010 20150603222002 0 0C 150 246963
00010 20150603222701 0 0C 150 246963
00011 20150603222834 0 0C 165 246963
00011 20150603223534 0 0C 165 246963
00012 20150603223707 0 0C 180 246963
00012 20150603224407 0 0C 180 246963
00013 20150603224540 0 0C 195 246963
00013 20150603225240 0 0C 195 246963
00014 20150603225436 0 0C 209 246963
00014 20150603225656 0 0C 209 246963
00015 20150604221602 0 0C 210 247070
00015 20150604222302 0 0C 210 247070
00016 20150604222435 0 0C 224 247070
00016 20150604223158 0 0C 224 247070
00017 20150604223355 0 0C 239 247070
00017 20150604223944 0 0C 239 247070
00018 20150604224815 0 0C 225 247073
00018 20150604225514 0 0C 225 247073
00019 20150604225711 0 0C 240 247073
00019 20150604230410 0 0C 240 247073
00020 20150604230544 0 0C 255 247073
00020 20150604231243 0 0C 255 247073
00021 20150604231440 0 0C 270 247073
00021 20150604232139 0 0C 270 247073
00022 20150604232336 0 0C 285 247073
00022 20150604233036 0 0C 285 247073
00023 20150604233209 0 0C 300 247073
00023 20150604233908 0 0C 300 247073
