00001 20160909103458 280385 397226622 15
00001 20160909103709 280385 408443746 15
00002 20160909103917 280385 419354244 30
00002 20160909104128 280385 430700649 30
00003 20160909104224 280385 435012170 45
00003 20160909104435 280385 445542744 45
00004 20160909104525 280385 449773087 60
00004 20160909104736 280385 460329003 60
00005 20160909105006 280385 473012994 75
00005 20160909105218 280385 483050146 75
00006 20160909105236 280385 484447342 90
00006 20160909105447 280385 495398933 90
00007 20160909105818 280385 512058612 105
00007 20160909110029 280385 522925282 105
00008 20160909110118 280385 526863904 120
00008 20160909110329 280385 537632572 120
00009 20160909110400 280385 540187369 135
00009 20160909110611 280385 550686903 135
00010 20160909110729 280385 556886026 150
00010 20160909110940 280385 567332574 150
00011 20160909111030 280385 571408310 165
00011 20160909111241 280385 581884551 165
00012 20160909111712 280385 603484373 180
00012 20160909111923 280385 614149195 180
00013 20160909112030 280385 619617983 195
00013 20160909112242 280385 630335103 195
00014 20160909112558 280385 646006818 210
00014 20160909112809 280385 656503032 210
00015 20160909113039 280385 668412129 225
00015 20160909113250 280385 678993564 225
00016 20160909113518 280385 690516924 240
00016 20160909113729 280385 700763875 240
00017 20160909113817 280385 704546873 255
00017 20160909114028 280385 714567893 255
00018 20160909114139 280385 720038000 270
00018 20160909114350 280385 730152553 270
00019 20160909114730 280385 747247993 285
00019 20160909114941 280385 757537980 285
00020 20160909115117 280385 763820912 300
00020 20160909115328 280385 774057592 300
00021 20160909115734 280385 792923441 325
00021 20160909115945 280385 803019674 325
00022 20160909120426 280385 824561121 350
00022 20160909120637 280385 832146982 350
