00001 20231025184753 375658 159763065 10
00001 20231025185254 375658 173178411 10
00002 20231025190033 375658 193854720 15
00002 20231025190534 375658 207171398 15
00003 20231025190814 375658 213407183 20
00003 20231025191315 375658 223787104 20
00004 20231025191416 375658 226334435 25
00004 20231025191916 375658 238270649 25
00005 20231025192041 375658 241912709 30
00005 20231025192541 375658 254711297 30
00006 20231025192717 375658 258847401 35
00006 20231025193218 375658 272028996 35
00007 20231025193325 375658 275058379 40
00007 20231025193825 375658 288118793 40
00008 20231025193958 375658 292173392 50
00008 20231025194458 375658 305839435 50
00009 20231025194557 375658 308564721 60
00009 20231025195058 375658 322372800 60
00010 20231025195247 375658 327250463 70
00010 20231025195748 375658 341348046 70
00011 20231025195908 375658 345120415 80
00011 20231025200408 375658 359456765 80
00012 20231025200523 375658 362956848 90
00012 20231025201023 375658 378201799 90
00013 20231025201123 375658 381223331 105
00013 20231025201623 375658 397145406 105
00014 20231025201727 375658 400683018 120
00014 20231025202227 375658 416397736 120
00015 20231025202326 375658 419608386 135
00015 20231025202827 375658 435613351 135
00016 20231025202945 375658 439971576 150
00016 20231025203445 375658 455404041 150
00017 20231025203613 375658 460231238 165
00017 20231025204113 375658 476609762 165
00018 20231025204222 375658 480350509 180
00018 20231025204722 375658 497127637 180
00019 20231025205012 375658 506689429 200
00019 20231025205513 375658 523506965 200
00020 20231025205556 375658 525976771 225
00020 20231025210056 375658 542685828 225
00021 20231025211211 375658 580134780 250
00021 20231025211712 375658 596616085 250
00022 20231025211818 375658 600424876 275
00022 20231025212318 375658 616751748 275
00023 20231025212402 375658 619183795 300
00023 20231025212902 375658 635395982 300
