00002 20160612090646 274969 687192563 15
00002 20160612090857 274969 697786739 15
00003 20160612090932 274969 700622110 30
00003 20160612091144 274969 711054106 30
00004 20160612091211 274969 713274056 45
00004 20160612091422 274969 723794843 45
00005 20160612091449 274969 724912140 60
00005 20160612091700 274969 734275166 60
00006 20160612091733 274969 736838004 75
00006 20160612091944 274969 747406354 75
00007 20160612092009 274969 749446005 90
00007 20160612092220 274969 759727979 90
00008 20160612092243 274969 761550051 105
00008 20160612092454 274969 772063629 105
00009 20160612092516 274969 773908006 120
00009 20160612092727 274969 782279735 120
00010 20160612092822 274969 786614760 135
00010 20160612093033 274969 797056751 135
00011 20160612093136 274969 802009578 150
00011 20160612093347 274969 812367531 150
00012 20160612093436 274969 816257512 165
00012 20160612093647 274969 826565967 165
00013 20160612093720 274969 829106422 180
00013 20160612093931 274969 839540999 180
00014 20160612094000 274969 841703936 195
00014 20160612094211 274969 852145488 195
00015 20160612094236 274969 853970809 210
00015 20160612094446 274969 864303908 210
00016 20160612094511 274969 866286608 225
00016 20160612094722 274969 876388612 225
00017 20160612094801 274969 879623253 240
00017 20160612095013 274969 885613855 240
00018 20160612095058 274969 889047117 255
00018 20160612095309 274969 899327744 255
00019 20160612095349 274969 902221710 270
00019 20160612095600 274969 912572872 270
00020 20160612095623 274969 914371298 285
00020 20160612095835 274969 924577544 285
00021 20160612095930 274969 928763865 300
00021 20160612100141 274969 939063176 300
00022 20160612100214 274969 941575063 325
00022 20160612100425 274969 951812008 325
00023 20160612100453 274969 953956452 350
00023 20160612100704 274969 964046759 350
