00001 20110315030000 16694585 0C 40 160497
00001 20110315030000 18103435 0C 40 160497
00002 20110315030000 19150742 0C 60 160497
00002 20110315030000 20537496 0C 60 160497
00003 20110315030000 21246161 0C 80 160497
00003 20110315030000 22656748 0C 80 160497
00004 20110315030000 23198898 0C 100 160497
00004 20110315030000 24649744 0C 100 160497
00005 20110315030000 25257619 0C 120 160497
00005 20110315030000 26646489 0C 120 160497
00006 20110315030000 27484779 0C 140 160497
00006 20110315030000 28855323 0C 140 160497
00007 20110315030000 29423020 0C 160 160497
00007 20110315030000 30803118 0C 160 160497
00008 20110315030000 31202436 0C 180 160497
00008 20110315030000 32579998 0C 180 160497
00009 20110315030000 33225854 0C 200 160497
00009 20110315030000 34599098 0C 200 160497
00010 20110315030000 35267985 0C 220 160497
00010 20110315030000 36641360 0C 220 160497
00011 20110315030000 37337278 0C 240 160497
00011 20110315030000 38692842 0C 240 160497
00012 20110315030000 39277683 0C 260 160497
00012 20110315030000 40643792 0C 260 160497
00013 20110315030000 41385287 0C 280 160497
00013 20110315030000 42745701 0C 280 160497
00014 20110315023958 14365827 0C 300 160497
00014 20110315024409 15766045 0C 300 160497
00015 20110315040000 396128 0C 325 160498
00015 20110315040000 1774162 0C 325 160498
00016 20110315043254 3626147 0C 350 160498
00016 20110315043702 4988293 0C 350 160498
