00001 20151007084248 345862308 0C 30 258443 
00001 20151007084459 353465801 0C 30 258443 
00002 20151007084520 354638913 0C 45 258443 
00002 20151007084731 362229447 0C 45 258443 
00003 20151007084750 363388665 0C 60 258443 
00003 20151007085001 370969280 0C 60 258443 
00004 20151007085019 372040871 0C 75 258443 
00004 20151007085230 379611932 0C 75 258443 
00005 20151007085249 380765212 0C 90 258443 
00005 20151007085500 388331552 0C 90 258443 
00006 20151007085516 389175723 0C 105 258443 
00006 20151007085727 396829194 0C 105 258443 
00007 20151007085742 0 0C 120 258443 
00007 20151007085953 0 0C 120 258443 
00008 20151007090113 1722293 0C 120 258444 
00008 20151007090324 9234142 0C 120 258444 
00009 20151007090342 10295029 0C 135 258444 
00009 20151007090552 17811517 0C 135 258444 
00010 20151007090610 18867961 0C 150 258444 
00010 20151007090821 26375068 0C 150 258444 
00011 20151007090837 27325799 0C 165 258444 
00011 20151007091048 34806681 0C 165 258444 
00012 20151007091103 35652851 0C 180 258444 
00012 20151007091314 43213754 0C 180 258444 
00013 20151007091426 47331159 0C 195 258444 
00013 20151007091637 54910896 0C 195 258444 
00014 20151007091654 55859436 0C 210 258444 
00014 20151007091905 63398791 0C 210 258444 
00015 20151007091920 64233169 0C 225 258444 
00015 20151007092131 71748244 0C 225 258444 
00016 20151007092143 72479847 0C 240 258444 
00016 20151007092353 79965792 0C 240 258444 
00017 20151007092404 80592622 0C 255 258444 
00017 20151007092615 88058239 0C 255 258444 
00018 20151007092630 88893727 0C 270 258444 
00018 20151007092841 96417729 0C 270 258444 
00019 20151007092851 96942871 0C 285 258444 
00019 20151007093102 104391918 0C 285 258444 
00020 20151007093112 105026829 0C 300 258444 
00020 20151007093323 112452767 0C 300 258444 
00021 20151007093334 113084206 0C 325 258444 
00021 20151007093544 120540485 0C 325 258444 
00022 20151007093557 121265923 0C 350 258444 
00022 20151007093807 128666831 0C 350 258444 
