Index TimeStamp Run Evt-Id HV {#events}
00001 20180801083120 320674 25823408 10
00001 20180801083331 320674 29139843 10 3316435
00002 20180801083352 320674 29685002 15
00002 20180801083603 320674 32995704 15 3310702
00003 20180801083615 320674 33356238 20
00003 20180801083827 320674 36649653 20 3293415
00004 20180801083836 320674 36890152 25
00004 20180801084047 320674 40180270 25 3290118
00005 20180801084054 320674 40419721 30
00005 20180801084305 320674 43702609 30 3282888
00006 20180801084327 320674 44240992 35
00006 20180801084538 320674 47524368 35 3283376
00007 20180801084551 320674 47878828 40
00007 20180801084802 320674 51149216 40 3270388
00008 20180801084915 320674 52946369 10
00008 20180801085252 320674 58394070 10 5447701
00009 20180801085259 320674 58573242 15
00009 20180801085637 320674 63965559 15 5392317
00010 20180801085643 320674 64141906 20
00010 20180801090021 320674 69549218 20 5407312
00011 20180801090027 320674 69667949 25
00011 20180801090406 320674 75063225 25 5395276
00012 20180801090423 320674 75472400 30
00012 20180801090801 320674 80831556 30 5359156
00013 20180801090807 320674 81009229 35
00013 20180801091145 320674 86381995 35 5372766
00014 20180801091153 320674 86557135 40
00014 20180801091531 320674 91895506 40 5338371
00015 20180801091551 320674 92361438 50
00015 20180801091929 320674 97698005 50 5336567
00016 20180801091943 320674 98044312 60
00016 20180801092321 320674 103329654 60 5285342
00017 20180801092336 320674 103673296 70
00017 20180801092714 320674 108907730 70 5234434
00018 20180801092729 320674 109253284 80
00018 20180801093107 320674 114487393 80 5234109
00019 20180801093119 320674 114827955 90
00019 20180801093457 320674 120001437 90 5173482
00020 20180801093512 320674 120344895 105
00020 20180801093850 320674 125534894 105 5189999
00021 20180801093905 320674 125932213 120
00021 20180801094243 320674 131108215 120 5176002
00022 20180801094255 320674 131389508 135
00022 20180801094634 320674 136552968 135 5163460
00023 20180801094650 320674 136935243 150
00023 20180801095028 320674 142029577 150 5094334
00024 20180801095041 320674 142364701 165
00024 20180801095419 320674 147470516 165 5105815
00025 20180801095434 320674 147857477 180
00025 20180801095813 320674 152948675 180 5091198
00026 20180801095836 320674 153440093 200
00026 20180801100223 320674 158714845 200 5274752
00027 20180801100238 320674 159098013 225
00027 20180801100627 320674 164347908 225 5249895
00028 20180801100641 320674 164725044 250
00028 20180801101030 320674 170004362 250 5279318
00029 20180801101045 320674 170331014 275
00029 20180801101433 320674 175546756 275 5215742
00030 20180801101505 320674 176298442 300
00030 20180801101853 320674 181537787 300 5239345

