00001 20180420020344 314756 26445955 10
00001 20180420020555 314756 30522078 10
00002 20180420020630 314756 31542977 15
00002 20180420020840 314756 35589788 15
00003 20180420020909 314756 36466583 20
00003 20180420021120 314756 40497619 20
00004 20180420021149 314756 41391566 25
00004 20180420021400 314756 45432846 25
00005 20180420021416 314756 45871176 30
00005 20180420021627 314756 49907710 30
00006 20180420021649 314756 50582762 35
00006 20180420021900 314756 54629523 35
00007 20180420021915 314756 55068402 40
00007 20180420022126 314756 59079546 40
00008 20180420022209 314756 60420653 50
00008 20180420022420 314756 64418388 50
00009 20180420022456 314756 65546700 60
00009 20180420022707 314756 69540466 60
00010 20180420022749 314756 70877876 70
00010 20180420023000 314756 74880907 70
00011 20180420023023 314756 75622650 80
00011 20180420023234 314756 79608523 80
00012 20180420023303 314756 80499348 90
00012 20180420023514 314756 84552895 90
00013 20180420023553 314756 85721288 105
00013 20180420023804 314756 89731449 105
00014 20180420023910 314756 91782947 120
00014 20180420024121 314756 95804614 120
00015 20180420024305 314756 98962689 135
00015 20180420024516 314756 103050480 135
00016 20180420024652 314756 105992855 150
00016 20180420024903 314756 109956832 150
00017 20180420025003 314756 111842789 165
00017 20180420025214 314756 115825671 165
00018 20180420025243 314756 116728858 180
00018 20180420025454 314756 120761896 180
00019 20180420025541 314756 122177282 200
00019 20180420025752 314756 126231900 200
00020 20180420025818 314756 127029474 225
00020 20180420030029 314756 131052693 225
00021 20180420030209 314756 134130203 250
00021 20180420030420 314756 138126990 250
00022 20180420030522 314756 140031687 275
00022 20180420030733 314756 144070434 275
00023 20180420030807 314756 145132754 300
00023 20180420031018 314756 149189661 300

