00001 20240321092452 378238 391684026 10
00001 20240321092953 378238 404284745 10
00002 20240321093143 378238 409013238 15
00002 20240321093644 378238 416426278 15
00003 20240321095118 378239 17235110 15
00003 20240321095618 378239 29822494 15
00004 20240321095945 378239 38576404 20
00004 20240321100445 378239 50506509 20
00005 20240321100643 378239 54833273 25
00005 20240321101144 378239 67483129 25
00006 20240321101323 378239 71600906 30
00006 20240321101824 378239 84245675 30
00007 20240321102003 378239 87492384 35
00007 20240321102503 378239 100171572 35
00008 20240321102728 378239 106185069 40
00008 20240321103228 378239 118926153 40
00009 20240321103402 378239 121741863 50
00009 20240321103902 378239 134401848 50
00010 20240321104047 378239 137726513 60
00010 20240321104548 378239 150382303 60
00011 20240321105331 378239 168870437 70
00011 20240321105831 378239 181470834 70
00012 20240321110000 378239 184621901 80
00012 20240321110500 378239 197314346 80
00013 20240321110652 378239 201550708 90
00013 20240321111153 378239 214232383 90
00014 20240321111333 378239 216947172 105
00014 20240321111834 378239 229673322 105
00015 20240321112003 378239 231479445 120
00015 20240321112504 378239 244078567 120
00016 20240321112635 378239 245962977 135
00016 20240321113135 378239 258592536 135
00017 20240321113311 378239 260610554 150
00017 20240321113812 378239 273281777 150
00018 20240321114000 378239 275862189 165
00018 20240321114500 378239 288514935 165
00019 20240321115150 378239 302169594 200
00019 20240321115651 378239 314830646 200
00020 20240321115840 378239 317551412 225
00020 20240321120340 378239 330155398 225
00021 20240321120925 378239 341646884 250
00021 20240321121425 378239 354225805 250
00022 20240321121616 378239 357522080 275
00022 20240321122116 378239 370154948 275
00023 20240321122643 378239 381943493 300
00023 20240321123143 378239 394525134 300
