369120277   270
369120278	260
369120281	270
369120282	270
369120285	277.76
369120286	270
369120293	270
369120294	270
369120297	280
369120298	280
369120301	270
369120302	265.34
369120309	270
369120310	270
369120313	270
369120314	270
369120317	280
369120318	280
369120325	257.7
369120326	280
369120329	270
369120330	280
369120333	270
369120334	260
369120341	270
369120342	270
369120345	270
369120346	260
369120349	280
369120350	270
369120357	270
369120358	270
369120361	270
369120362	270
369120365	270
369120366	270
369120373	270
369120374	270
369120377	270
369120378	270
369120381	270
369120382	270
369120389	280
369120390	280
369120393	270
369120394	270
369120397	270
369120398	270
369120405	270
369120406	270
369120410	260
369120414	280
369120421	270
369120422	270
369120425	270
369120426	270
369120429	280
369120430	278.86
369120437	280
369120438	270
369120441	270
369120442	270
369120445	270
369120446	270
369120453	270
369120454	270
369120457	349.69
369120458	290.31
369120461	270
369120462	270
369120469	280
369120470	286.13
369120473	270
369120474	270
369120477	270
369120478	270
369120485	270
369120486	270
369120489	270
369120490	266.17
369120493	270
369120494	270
369120501	260
369120502	260
369120505	270
369120506	270
369120509	260
369120510	260
369120517	270
369120518	260
369120521	260
369120522	260
369120525	270
369120526	270
369120533	260
369120534	260
369120537	270
369120538	270
369120541	270
369120542	270
369120549	260
369120550	260
369120553	270
369120554	270
369120557	270
369120558	270
369120565	280
369120566	280
369120569	270
369120570	270
369120573	270
369120574	270
369120581	270
369120582	260
369120585	270
369120586	270
369120589	280
369120590	280
369120597	270
369120598	265.09
369120601	280
369120602	273.74
369120605	270.96
369120606	270
369120613	270
369120614	265.81
369120617	270
369120618	269.91
369120621	280
369120622	280
369120629	280
369120630	280
369120633	280
369120634	280
369120637	270
369120638	270
369120645	270
369120646	266.19
369120649	270
369120650	270
369120653	270
369120654	267.38
369120661	270
369120662	270
369120665	270
369120666	270
369120669	280
369120670	278.36
369120677	270
369120678	270
369120681	270
369120682	260
369120685	270
369120686	270
369121301	160
369121302	134.58
369121305	190
369121306	118.59
369121309	230
369121310	260
369121317	260
369121318	280
369121321	280
369121322	270
369121325	270
369121326	260
369121333	280
369121334	280
369121337	220
369121338	230
369121341	264.3
369121342	260
369121349	270
369121350	260.14
369121353	280
369121354	270
369121357	270
369121358	270
369121365	220
369121366	222.53
369121369	263.89
369121370	260
369121373	270
369121374	260
369121381	220
369121382	230
369121385	270
369121386	260
369121389	270
369121390	270
369121397	270
369121398	260
369121401	260
369121402	260
369121405	270
369121406	260
369121413	270
369121414	111.52
369121417	236.28
369121418	260
369121421	270
369121422	280
369121429	270
369121430	270
369121433	280
369121434	270
369121437	270
369121438	270
369121445	220
369121446	230
369121449	270
369121450	260
369121453	270
369121454	260
369121461	270
369121462	260
369121465	280
369121466	270
369121469	270
369121470	270
369121477	220
369121478	230
369121481	270
369121482	260
369121485	270
369121486	270
369121493	270
369121494	260
369121497	270
369121498	270
369121501	270
369121502	260
369121509	229.95
369121510	240
369121513	220
369121514	220
369121517	220
369121518	220
369121525	270
369121526	270
369121529	220
369121530	210
369121533	270
369121534	260
369121541	287.04
369121542	270
369121545	280
369121546	270
369121549	220
369121550	200
369121557	270
369121558	260
369121561	260.75
369121562	260
369121565	290
369121566	286.6
369121573	270
369121574	260
369121577	270
369121578	270
369121581	270
369121582	260
369121589	270
369121590	260
369121593	270.44
369121594	270
369121597	260
369121598	270
369121605	280
369121606	270
369121609	270
369121610	260
369121613	231.71
369121614	245.52
369121621	260
369121622	252.74
369121625	270
369121626	260
369121629	270
369121630	260
369121637	270
369121638	270
369121641	260
369121642	260
369121645	260
369121646	270
369121653	270
369121654	260
369121657	280
369121658	270
369121661	260
369121662	260
369121669	260
369121670	260
369121673	260
369121674	260
369121677	260
369121678	260
369121685	270
369121686	270
369121689	260
369121690	260
369121693	260
369121694	260
369121701	260
369121702	260
369121705	229.28
369121706	240
369121709	260
369121710	260
369121717	260
369121718	260
369121721	260
369121722	260
369121725	230
369121726	240
369121733	260
369121734	260
369121737	270
369121738	270
369121741	260
369121742	260
369121749	250
369121750	248.02
369121753	260
369121754	260
369121757	260
369121758	260
369121765	260
369121766	260
369121769	260
369121770	260
369121773	270
369121774	269.95
369124373	280
369124374	280
369124377	260
369124378	260
369124381	281.98
369124382	280
369124389	280
369124390	280
369124393	250
369124394	260
369124397	250
369124398	260
369124405	240.51
369124406	260
369124409	270
369124410	270
369124413	260
369124414	260
369124421	270
369124422	270
369124425	270
369124426	270
369124429	262.85
369124430	260
369124437	260.95
369124438	260
369124441	260
369124442	260
369124445	239.05
369124446	250
369124453	260
369124454	260
369124457	260
369124458	260
369124461	245.67
369124462	260
369124469	280
369124470	280
369124473	264.33
369124474	260
369124477	280
369124478	280
369124485	280
369124486	280
369124489	270
369124490	270
369124493	270
369124494	260
369124501	280
369124502	280
369124505	270
369124506	270
369124509	280
369124510	280
369124517	270
369124518	270
369124521	270
369124522	270
369124525	280
369124526	280
369124533	270
369124534	260
369124537	270.95
369124538	260
369124541	270
369124542	260
369124549	260
369124550	257.24
369124553	140
369124554	246.61
369124557	260
369124558	258.92
369124565	270
369124566	260
369124569	260
369124570	256.47
369124573	280
369124574	280
369124581	270
369124582	270
369124585	260
369124586	260
369124589	280
369124590	280
369124597	270
369124598	270
369124601	265.27
369124602	260
369124605	270
369124606	270
369124613	262.01
369124614	260
369124617	270
369124618	270
369124621	270
369124622	270
369124629	260
369124630	257.34
369124633	260
369124634	256.29
369124637	270
369124638	260
369124645	280
369124646	280
369124649	280
369124650	280
369124653	280
369124654	280
369124661	270
369124662	270
369124665	280
369124666	280
369124669	270
369124670	270
369124677	280
369124678	280
369124681	240.42
369124682	260
369124685	280
369124686	280
369124693	260
369124694	260
369124697	270
369124698	260
369124701	260
369124702	260
369124709	280
369124710	280
369124713	270
369124714	270
369124717	260
369124718	259.19
369124725	268.95
369124726	260
369124729	270
369124730	270
369124733	270
369124734	270
369124741	260
369124742	259.71
369124745	260
369124746	260
369124749	276.82
369124750	281.49
369124757	280
369124758	280
369124761	270
369124762	270
369124765	260
369124766	256.78
369124773	270
369124774	270
369124777	270
369124778	270
369124781	270
369124782	270
369125397	270
369125398	270
369125401	270
369125402	270
369125405	270
369125406	270
369125413	270
369125414	270
369125417	280
369125418	280
369125421	270
369125422	260
369125429	274.24
369125430	280
369125433	281.85
369125434	280
369125437	260
369125438	260
369125445	280
369125446	280
369125449	270
369125450	270
369125453	280
369125454	280
369125461	270
369125462	280
369125465	250
369125466	249.43
369125469	270
369125470	260
369125477	260
369125478	255.22
369125481	240
369125482	240
369125485	270
369125486	270
369125493	280
369125494	280
369125497	270
369125498	270
369125501	270
369125502	270
369125509	270
369125510	270
369125513	260
369125514	260
369125517	280
369125518	280
369125525	280
369125526	280
369125529	280
369125530	280
369125533	286.43
369125534	280
369125541	270
369125542	260
369125545	250
369125546	251.13
369125549	283.92
369125550	280
369125557	280
369125558	280
369125561	280
369125562	280
369125565	290
369125566	284.85
369125573	240.21
369125574	260
369125577	270
369125578	270
369125581	282.14
369125582	281.32
369125589	280
369125590	280
369125593	270
369125594	270
369125597	270
369125598	270
369125605	240
369125606	243.43
369125609	270
369125610	270
369125613	277.65
369125614	280
369125621	280
369125622	270
369125625	280
369125626	270
369125629	270
369125630	270
369125637	280
369125638	280
369125641	259.13
369125642	260
369125645	270
369125646	270
369125653	270
369125654	260
369125657	270
369125658	270
369125661	257.85
369125662	251.83
369125669	270
369125670	260
369125673	280
369125674	280
369125677	280
369125678	280
369125685	270
369125686	260
369125689	274.69
369125690	280
369125693	270
369125694	270
369125701	280
369125702	280
369125705	270
369125706	260
369125709	241.65
369125710	243.44
369125717	270
369125718	260
369125721	260
369125722	254.85
369125725	260
369125726	260
369125733	270
369125734	260
369125737	250
369125738	249.36
369125741	270
369125742	270
369125749	280
369125750	280
369125753	282.91
369125754	280
369125757	274.13
369125758	280
369125765	270
369125766	270
369125769	250
369125770	251
369125773	270
369125774	270
369125781	260
369125782	260
369125785	280
369125786	280.14
369125789	270
369125790	256.07
369125797	270
369125798	270
369125801	280
369125802	280
369125805	270
369125806	270
369125813	280
369125814	280
369125817	270
369125818	270
369125821	270
369125822	270
369125829	270
369125830	270
369125833	280
369125834	280
369125837	280
369125838	280
369125845	280
369125846	280
369125849	280
369125850	270
369125853	280
369125854	270
369125861	280
369125862	280
369125865	279.71
369125866	270
369125869	280
369125870	270
369136661	190
369136662	151.17
369136665	200
369136666	163.29
369136669	160
369136670	140
369136677	210
369136678	170
369136681	170
369136682	149.06
369136685	200
369136686	158.29
369136693	170
369136694	148.9
369136697	190
369136698	170
369136701	160
369136702	140
369136709	220
369136710	200
369136713	160
369136714	140
369136717	160
369136718	127.36
369136725	160
369136726	140
369136729	210
369136730	170
369136733	160
369136734	140
369136741	210
369136742	170
369136745	170
369136746	160
369136749	200
369136750	158.73
369136757	200
369136758	166.14
369136761	160
369136762	140
369136765	160
369136766	124.7
369136773	170
369136774	140.13
369136777	190
369136778	160
369136781	160
369136782	140
369136789	160
369136790	140
369136793	170
369136794	148.66
369136797	220
369136798	215.99
369136805	220
369136806	270
369136809	220
369136810	180
369136813	121.61
369136814	152.06
369136821	220
369136822	200
369136825	121.6
369136826	152.11
369136829	220
369136830	200
369136837	220
369136838	200
369136841	200
369136842	164.11
369136845	236.74
369136846	161.1
369136853	220
369136854	202.01
369136857	220
369136858	210
369136861	149.86
369136862	116.07
369136869	231.93
369136870	158.86
369136873	230
369136874	170
369136877	220
369136878	210
369136885	160
369136886	152.72
369136889	187.35
369136890	220
369136893	230
369136894	222.82
369136901	160
369136902	152.69
369136905	220
369136906	222.28
369136909	220
369136910	230
369136917	193.14
369136918	160
369136921	90
369136922	140
369136925	190
369136926	200
369136933	140.84
369136934	140
369136937	141.83
369136938	140
369136941	220
369136942	210
369136949	200
369136950	164.78
369136953	115.43
369136954	90
369136957	102.09
369136958	140
369136965	190
369136966	151.79
369136969	187.58
369136970	150
369136973	190
369136974	160
369136981	160
369136982	140
369136985	190
369136986	151.39
369136989	190
369136990	149.84
369136997	160
369136998	140
369137001	147.14
369137002	115.78
369137005	230
369137006	154.04
369137013	150
369137014	100
369137017	190
369137018	149.67
369137021	180
369137022	143.66
369137029	160
369137030	127.03
369137033	200
369137034	159.1
369137037	160
369137038	125.39
369137045	160
369137046	127.47
369137049	160
369137050	140
369137053	170
369137054	160
369137061	190.9
369137062	160
369137065	160
369137066	125.76
369137069	160
369137070	140
369137077	147.73
369137078	115.8
369137081	90
369137082	113
369137085	170
369137086	140
369137093	186.45
369137094	149.6
369137097	200
369137098	165.96
369137101	200
369137102	170
369137109	160
369137110	124.86
369137113	160
369137114	164.58
369137117	186.74
369137118	140
369137125	220
369137126	200
369137129	160
369137130	140
369137133	210
369137134	170
369137141	160
369137142	125.76
369137145	200
369137146	166.67
369137149	200
369137150	165.93
369137157	220
369137158	200
369137161	210
369137162	170
369137165	170
369137166	140
369137173	160
369137174	125.39
369137177	160
369137178	126.75
369137181	210
369137182	180
369137189	160
369137190	140
369137193	160
369137194	140
369137197	220
369137198	200
369137685	100
369137686	118.66
369137689	160
369137690	140
369137693	262.35
369137694	280
369137701	131.74
369137702	119.11
369137705	140
369137706	160
369137709	160.59
369137710	153.18
369137717	121.72
369137718	160
369137721	170
369137722	149.13
369137725	160
369137726	140
369137733	160
369137734	140
369137737	132.26
369137738	160
369137741	170
369137742	160
369137749	126.67
369137750	160
369137753	166.43
369137754	148.29
369137757	157.77
369137758	140
369137765	107.07
369137766	123.81
369137769	113.49
369137770	151.81
369137773	222.18
369137774	225.04
369137781	220
369137782	197.16
369137785	227.64
369137786	224
369137789	186.13
369137790	160
369137798	180
369137801	220
369137802	220
369137805	186.04
369137806	220
369137813	160
369137814	141.2
369137817	99.68
369137818	123.49
369137821	220
369137822	220.05
369137829	170
369137830	149.37
369137833	160.39
369137834	220
369137837	122.47
369137838	220
369137845	270
369137846	270
369137849	260
369137850	260
369137853	260
369137854	260
369137861	270
369137862	280
369137865	260
369137866	260
369137869	230
369137870	230
369137877	200
369137878	260
369137881	244.88
369137882	260
369137885	280
369137886	280
369137893	260
369137894	260
369137897	244.58
369137898	260
369137901	260
369137902	260
369137909	260
369137910	260
369137913	260
369137914	260
369137917	230
369137918	230
369137925	260
369137926	260
369137929	270
369137930	270
369137933	280
369137934	280
369137941	270
369137942	270
369137945	270
369137946	270
369137949	270
369137950	280
369137957	280
369137958	280
369137961	270
369137962	280
369137965	270
369137966	270
369137973	220
369137974	190
369137977	270
369137978	245.57
369137981	258.12
369137982	260
369137989	230
369137990	170
369137993	270
369137994	180
369137997	270
369137998	260
369138005	164.32
369138006	140
369138009	163.51
369138010	148.24
369138013	200
369138014	168.39
369138021	220
369138022	200
369138025	220
369138026	220
369138029	220
369138030	220
369138037	210
369138038	170
369138041	217.2
369138042	170
369138045	220
369138046	180
369138053	220
369138054	220
369138057	220
369138058	220
369138061	220
369138062	220
369138069	160
369138070	140
369138073	160
369138074	140
369138077	160
369138078	140
369138085	220.65
369138086	224.18
369138089	226.59
369138090	230
369138093	170
369138094	145.32
369138101	160
369138102	144.87
369138105	119.9
369138106	140
369138109	230
369138110	230
369138117	160
369138118	160
369138121	220
369138122	220
369138125	160
369138126	160
369138133	160
369138134	160
369138137	160
369138138	160
369138141	160
369138142	160
369138149	170
369138150	149.32
369138153	160
369138154	146.12
369138157	160
369138158	160
369138165	160
369138166	145.73
369138169	160
369138170	160
369138173	211.33
369138174	140
369138181	80
369138182	99.87
369138185	138.17
369138186	140
369138189	119.57
369138190	115.85
369138197	150
369138198	122.48
369138201	160
369138202	140
369138205	160
369138206	140
369138213	160
369138214	146.04
369138217	160
369138218	140
369138221	150
369138222	100
369138229	239.77
369138230	230
369138233	230
369138234	230
369138237	236.76
369138238	230
369138245	232.5
369138246	230
369138249	224.47
369138250	230
369138253	223.45
369138254	229.39
369138261	230
369138262	157.4
369138265	220
369138266	220
369138269	217.34
369138270	170
369138277	80
369138278	95.6
369138281	80
369138282	90.25
369138285	190
369138286	160
369140757	238.41
369140758	161.61
369140761	210
369140762	194.75
369140765	230
369140766	154.78
369140773	230
369140774	154.67
369140777	230.58
369140778	158.48
369140781	230
369140782	154.7
369140789	230
369140790	155.24
369140793	230
369140794	155.07
369140797	230
369140798	170
369140805	102.76
369140806	100.65
369140809	210
369140810	172.11
369140813	230
369140814	170
369140821	177.44
369140822	143.2
369140825	210
369140826	147.26
369140829	210
369140830	149.01
369140837	231.83
369140838	170
369140841	190
369140842	124.43
369140845	154.34
369140846	130
369140853	170
369140854	129.21
369140857	190
369140858	124.6
369140861	160
369140862	140
369140869	112.01
369140870	101.75
369140873	210
369140874	147.44
369140877	193.82
369140878	139.54
369140885	160
369140886	130
369140889	230
369140890	170
369140893	205.96
369140894	170.73
369140901	170
369140902	140.84
369140905	160
369140906	123.68
369140909	210
369140910	144.68
369140917	210
369140918	142.15
369140921	193.45
369140922	138.13
369140925	198.69
369140926	162.77
369140933	149.69
369140934	135.89
369140937	196.2
369140938	162.44
369140941	124.48
369140942	106.43
369140949	195.84
369140950	139.28
369140953	170
369140954	142.67
369140957	160
369140958	130
369140965	210
369140966	180
369140969	160
369140970	130
369140973	220
369140974	200
369140981	191.11
369140982	150.54
369140985	140
369140986	108.1
369140989	150
369140990	131.76
369140997	200.13
369140998	164.03
369141001	220
369141002	201.84
369141005	210
369141006	193.7
369141013	237.93
369141014	161.22
369141017	230
369141018	160
369141021	230
369141022	155.35
369141029	160
369141030	140
369141033	230
369141034	219.49
369141037	170
369141038	140
369141045	160
369141046	140
369141049	230
369141050	216.82
369141053	230
369141054	217.01
369141061	160
369141062	140
369141065	160
369141066	140
369141069	160
369141070	140
369141077	230.93
369141078	158.73
369141081	230
369141082	160
369141085	233.1
369141086	160
369141093	144.28
369141094	100
369141097	160
369141098	138.14
369141101	230
369141102	170
369141109	160
369141110	140
369141113	234.81
369141114	160.96
369141117	131.76
369141118	120.86
369141125	170
369141126	129.73
369141129	230
369141130	170
369141133	230
369141134	170
369141141	199.68
369141142	163.18
369141145	220
369141146	200
369141149	231.57
369141150	170
369141157	140
369141158	111.04
369141161	170
369141162	140.66
369141165	170
369141166	143.12
369141173	207.61
369141174	170.85
369141177	120.9
369141178	140
369141181	160
369141182	139.67
369141189	230
369141190	170
369141193	130.58
369141194	110.99
369141197	230
369141198	170
369141205	160
369141206	123.82
369141209	170
369141210	130
369141213	160
369141214	123.34
369141221	112.93
369141222	140
369141225	220
369141226	140
369141229	220
369141230	200
369141237	202.35
369141238	170.39
369141241	170
369141242	160
369141245	190
369141246	124.44
369141253	196.88
369141254	162.55
369141257	195.53
369141258	138.99
369141261	191.65
369141262	150.56
369141269	210
369141270	191.03
369141273	156.79
369141274	130
369141277	160
369141278	130
369141285	160
369141286	130
369141289	160
369141290	130
369141293	210
369141294	194.54
369141781	200
369141782	160
369141785	200
369141786	156.04
369141789	200
369141790	170
369141797	158.34
369141798	118.94
369141801	157.04
369141802	118.06
369141805	159.85
369141806	140
369141813	140
369141814	140
369141817	196.19
369141818	139.28
369141821	230
369141822	190
369141829	170
369141830	135.14
369141833	160
369141834	90
369141837	140
369141838	108.19
369141845	197.02
369141846	170
369141849	170.34
369141850	147.84
369141853	170
369141854	144.58
369141861	156.62
369141862	140
369141865	220
369141866	196.98
369141869	190
369141870	150.69
369141877	210
369141878	140
369141881	209.1
369141882	180
369141885	170
369141886	124.23
369141893	210
369141894	140.85
369141897	154.81
369141898	90
369141901	160
369141902	113.64
369141909	160
369141910	113.3
369141913	210
369141914	140
369141917	150
369141918	116.5
369141925	160
369141926	115.07
369141929	170
369141930	147.8
369141933	162.52
369141934	140
369141941	170
369141942	130
369141945	158.78
369141946	120.13
369141949	157.68
369141950	140
369141957	160.64
369141958	122.79
369141961	158.06
369141962	140
369141965	140
369141966	140.9
369141973	120.5
369141974	105.16
369141977	120.21
369141978	140
369141981	152.65
369141982	117.2
369141989	210
369141990	180
369141993	108.21
369141994	98.61
369141997	230
369141998	156.71
369142005	230
369142006	160
369142009	230
369142010	156.55
369142013	230
369142014	157.16
369142021	230
369142022	156.75
369142025	230
369142026	170
369142029	230
369142030	157.48
369142037	233.61
369142038	160.01
369142041	231.98
369142042	158.89
369142045	210
369142046	180
369142053	200
369142054	170
369142057	220
369142058	200
369142061	200
369142062	170
369142069	220
369142070	190
369142073	170
369142074	160
369142077	210
369142078	170
369142085	195.8
369142086	130
369142089	157
369142090	140
369142093	147.5
369142094	122.93
369142101	142.42
369142102	107.71
369142105	170
369142106	160
369142109	151.89
369142110	117
369142117	160
369142118	122.77
369142121	170
369142122	133.95
369142125	210
369142126	140
369142133	140
369142134	138.83
369142137	198.62
369142138	139.57
369142141	156.03
369142142	140
369142149	160.54
369142150	140
369142153	217.14
369142154	140
369142157	163.54
369142158	140
369142165	117.79
369142166	106.51
369142169	159.29
369142170	120.3
369142173	149.75
369142174	125.33
369142181	125.72
369142182	140
369142185	140
369142186	107.24
369142189	140
369142190	108.68
369142197	190.17
369142198	160
369142201	212.74
369142202	140
369142205	185.31
369142206	150.65
369142213	160
369142214	114.75
369142217	158.73
369142218	119.98
369142221	159.81
369142222	140
369142229	146.77
369142230	140
369142233	133.94
369142234	107.13
369142237	180
369142238	160
369142245	140
369142246	148.21
369142249	136.95
369142250	119.31
369142253	160
369142254	115.27
369142261	210
369142262	140
369142265	210
369142266	160
369142269	109.46
369142270	99.69
369142277	170
369142278	120.5
369142281	220
369142282	188.82
369142285	170
369142286	160
369142293	230
369142294	180
369142297	207.59
369142298	173.06
369142301	220
369142302	200
369142309	104.58
369142310	107.72
369142313	200
369142314	156.37
369142317	200
369142318	156.38
369142325	210
369142326	170
369142329	220
369142330	170
369142333	210
369142334	170
369142341	220
369142342	180
369142345	200
369142346	158.23
369142349	220
369142350	180
369142357	220
369142358	195.82
369142361	220
369142362	194.78
369142365	200
369142366	210
369142373	170
369142374	149.3
369142377	219.57
369142378	180
369142381	200
369142382	168.63
369153044	150
369153048	177.12
369153052	180
369153060	180
369153064	159.75
369153068	180
369153076	140.24
369153080	150
369153084	150
369153092	143.13
369153096	160
369153100	160
369153108	160
369153112	132.96
369153116	180
369153124	143.91
369153128	170
369153132	190
369153140	134.01
369153144	150
369153148	139.5
369153156	210
369153160	220
369153164	180
369153172	230
369153176	180
369153180	190
369153188	180
369153192	180
369153196	190
369153204	190
369153208	230
369153212	240
369153220	190
369153224	203.1
369153228	190
369153236	220
369153240	220
369153244	220
369153252	230
369153256	220
369153260	240
369153268	190
369153272	202.25
369153276	204.61
369153284	103.04
369153288	80
369153292	99.77
369153300	80
369153304	98.93
369153308	94.09
369153316	80
369153320	104.2
369153324	80
369153332	80
369153336	80
369153340	80
369153348	100.04
369153352	101.85
369153356	80
369153364	101.06
369153368	80
369153372	100.4
369153380	101.78
369153384	80
369153388	80
369153396	190
369153400	190
369153404	136.19
369153412	172.43
369153416	150
369153420	190
369153428	146.13
369153432	150
369153436	159.32
369153444	170.1
369153448	134.44
369153452	190
369153460	190
369153464	141.1
369153468	150
369153476	190
369153480	190
369153484	140.26
369153492	180
369153496	150
369153500	200
369153508	240
369153512	190
369153516	180
369153524	176.79
369153528	200
369153532	202.06
369153540	190
369153544	169.08
369153548	196.67
369153556	230
369153560	180
369153564	203.44
369153572	220
369153576	180
369153580	220
369153588	180
369153592	230
369153596	190
369153604	210
369153608	190
369153612	200
369153620	220
369153624	190
369153628	240
369153636	138.86
369153640	133.13
369153644	145.17
369153652	160
369153656	132.46
369153660	150
369153668	190
369153672	122.85
369153676	126.17
369153684	119.94
369153688	129.06
369153692	143.34
369153700	160.17
369153704	150
369153708	150
369153716	170
369153720	150.93
369153724	138.14
369153732	139.93
369153736	150
369153740	127.83
369154068	127.02
369154072	130
369154076	123.51
369154084	80
369154088	140
369154092	136.71
369154100	137.43
369154104	135.92
369154108	141.24
369154116	132.26
369154120	132.6
369154124	142.41
369154132	139.84
369154136	150
369154140	189.77
369154148	98.99
369154152	174.03
369154156	190
369154164	190
369154168	178.43
369154172	190
369154180	140
369154184	180
369154188	190
369154196	210
369154200	190
369154204	230
369154212	190
369154216	190
369154220	190
369154228	190
369154232	190
369154236	190
369154244	196.77
369154248	200
369154252	200
369154260	203.89
369154264	205.45
369154268	202.5
369154276	210
369154280	215.53
369154284	210
369154292	220
369154296	190
369154300	200
369154308	230
369154312	220
369154316	240
369154324	220
369154328	220
369154332	220
369154340	190
369154344	190
369154348	190
369154356	180
369154360	190
369154364	190
369154372	205.3
369154376	190
369154380	240
369154388	190
369154392	230
369154396	190
369154404	240
369154408	220
369154412	240
369154420	220
369154424	104.98
369154428	80
369154436	220
369154440	210
369154444	220
369154452	190
369154456	190
369154460	190
369154468	220
369154472	220
369154476	220
369154484	203.11
369154488	220
369154492	173.97
369154500	180
369154504	230
369154508	180
369154516	179.55
369154520	186.59
369154524	180
369154532	230
369154536	220
369154540	190
369154548	190
369154552	210
369154556	200
369154564	177.66
369154568	190
369154572	220
369154580	190
369154584	200
369154588	200
369154596	190
369154600	180
369154604	180
369154612	190
369154616	205.25
369154620	176.26
369154628	180
369154632	180
369154636	210
369154644	226.12
369154648	190
369154652	200
369154660	180
369154664	220
369154668	200
369154676	137.81
369154680	121.81
369154684	150
369154692	170
369154696	180
369154700	180
369154708	180
369154712	190
369154716	190
369154724	190
369154728	206.24
369154732	132.88
369154740	160
369154744	146.4
369154748	147.08
369154756	210
369154760	200
369154764	240
369154772	248.33
369154776	240
369154780	220
369154788	96.9
369154792	103.92
369154796	80
369157140	150
369157144	150
369157148	160
369157156	150
369157160	150
369157164	150
369157172	150
369157176	139.77
369157180	129.09
369157188	132.91
369157192	132.35
369157196	118.34
369157204	150
369157208	135.52
369157212	123.46
369157220	180
369157224	139.94
369157228	128.91
369157236	190
369157240	150
369157244	142.29
369157252	200
369157256	210
369157260	190
369157268	190
369157272	220
369157276	190
369157284	190
369157288	210
369157292	180
369157300	220
369157304	210.1
369157308	210
369157316	205.08
369157320	240
369157324	230
369157332	190
369157336	203.76
369157340	180
369157348	230
369157352	240
369157356	200
369157364	188.26
369157368	210
369157372	205.34
369157380	107.27
369157384	121.38
369157388	124.43
369157396	124.13
369157400	80
369157404	96.52
369157412	150
369157416	109.7
369157420	80
369157428	128.28
369157432	80
369157436	150
369157444	80
369157448	130.83
369157452	80
369157460	106.58
369157464	150
369157468	80
369157476	112.32
369157480	119.89
369157484	150
369157492	97.46
369157496	100.36
369157500	100.96
369157508	103.19
369157512	80
369157516	91.81
369157524	99.38
369157528	92.21
369157532	91.51
369157540	98.09
369157544	98.3
369157548	105.11
369157556	98.41
369157560	99.29
369157564	90.97
369157572	98.79
369157576	99.02
369157580	80
369157588	105.68
369157592	97.31
369157596	107.18
369157604	80
369157608	96.09
369157612	100.9
369157620	80
369157624	80
369157628	80
369157636	80
369157640	97.47
369157644	102.33
369157652	80
369157656	94.16
369157660	80
369157668	96.4
369157672	97.07
369157676	80
369157684	95.71
369157688	80
369157692	80
369157700	80
369157704	100.76
369157708	80
369157716	80
369157720	80
369157724	80
369157732	150
369157736	135.48
369157740	137.09
369157748	124.24
369157752	144.98
369157756	150
369157764	150
369157768	150
369157772	170
369157780	140
369157784	150
369157788	150
369157796	147.11
369157800	135.47
369157804	150
369157812	137.64
369157816	150
369157820	150
369157828	150
369157832	150
369157836	150
369158164	117.18
369158168	132.16
369158172	140.57
369158180	144.23
369158184	150
369158188	150
369158196	80
369158200	139.98
369158204	150
369158212	150
369158216	150
369158220	80
369158228	141.55
369158232	105.43
369158236	150
369158244	150
369158248	150
369158252	140
369158260	138.73
369158264	125.88
369158268	80
369158276	129.31
369158280	80
369158284	107.95
369158292	180
369158296	134.93
369158300	150
369158308	140.17
369158312	170
369158316	160
369158324	133.77
369158328	146.58
369158332	180
369158340	121.74
369158344	131.79
369158348	170
369158356	152.7
369158360	150
369158364	150
369158372	150
369158376	150
369158380	150
369158388	190
369158392	180
369158396	150
369158404	150
369158408	160
369158412	130.52
369158420	190
369158424	140.54
369158428	140
369158436	180
369158440	190
369158444	142.86
369158452	133.24
369158456	150
369158460	165.2
369158468	180
369158472	160
369158476	190
369158484	159.96
369158488	150
369158492	150
369158500	180
369158504	190
369158508	144.31
369158516	180
369158520	190
369158524	190
369158532	190
369158536	220
369158540	210
369158548	240
369158552	220
369158556	200
369158564	220
369158568	200.71
369158572	230
369158580	190
369158584	220
369158588	210
369158596	210
369158600	204.3
369158604	220
369158612	210
369158616	190
369158620	210
369158628	204.23
369158632	210
369158636	240
369158644	210
369158648	210
369158652	170
369158660	133.93
369158664	143.37
369158668	150
369158676	149.13
369158680	122.01
369158684	190
369158692	150
369158696	150
369158700	180
369158708	137.38
369158712	141.79
369158716	150
369158724	160
369158728	138.72
369158732	136.31
369158740	143.08
369158744	150
369158748	134.27
369158756	160
369158760	126.93
369158764	141.29
369158772	136.83
369158776	163.52
369158780	150
369158788	190
369158792	190
369158796	190
369158804	150
369158808	190
369158812	190
369158820	136.63
369158824	150
369158828	190
369158836	180
369158840	150
369158844	143.64
369158852	180
369158856	180
369158860	180
369158868	180
369158872	150
369158876	180
369158884	180
369158888	150
369158892	160
369169428	180
369169432	200
369169436	220
369169444	170
369169448	181.14
369169452	230
369169460	220
369169464	220
369169468	210
369169476	180
369169480	210
369169484	180
369169492	210
369169496	220
369169500	190
369169508	240
369169512	80
369169516	215.75
369169524	171.56
369169528	190
369169532	190
369169540	200.84
369169544	170
369169548	150
369169556	169.76
369169560	190
369169564	180
369169572	190
369169576	202
369169580	202.01
369169588	180
369169592	180.31
369169596	172.68
369169604	190
369169608	110.43
369169612	182.05
369169620	190
369169624	170
369169628	165.24
369169636	195.78
369169640	170
369169644	190
369169652	170
369169656	178.4
369169660	220
369169668	180
369169672	180
369169676	190
369169684	150
369169688	160
369169692	175.46
369169700	175.45
369169704	180
369169708	210
369169716	210
369169720	171.4
369169724	210
369169732	190
369169736	170
369169740	220
369169748	203.84
369169752	200
369169756	200.07
369169764	240
369169768	180
369169772	220
369169780	170.58
369169784	190
369169788	220
369169796	180
369169800	180
369169804	180
369169812	160
369169816	190
369169820	170
369169828	170
369169832	170
369169836	210
369169844	150
369169848	180
369169852	160
369169860	175.59
369169864	180
369169868	150
369169876	131.72
369169880	139.45
369169884	154.61
369169892	143.74
369169896	140.94
369169900	150
369169908	180
369169912	190
369169916	180
369169924	150
369169928	150
369169932	162.84
369169940	162.4
369169944	174.92
369169948	180
369169956	190
369169960	180
369169964	200
369169972	136.84
369169976	150
369169980	216.92
369169988	150
369169992	171.76
369169996	190
369170004	150
369170008	190
369170012	150
369170020	150
369170024	143.39
369170028	180
369170036	180
369170040	174.56
369170044	170
369170052	116.34
369170056	113.49
369170060	111.4
369170068	80
369170072	80
369170076	95.14
369170084	103.54
369170088	127.97
369170092	80
369170100	80
369170104	98.35
369170108	112.09
369170116	107.38
369170120	99.03
369170124	97.15
369170132	80
369170136	101.29
369170140	103.78
369170148	122.33
369170152	104.64
369170156	80
369170164	180
369170168	190
369170172	220
369170180	208.75
369170184	195.08
369170188	216.45
369170196	230
369170200	220
369170204	204.28
369170212	180
369170216	209.55
369170220	230
369170228	240
369170232	176.48
369170236	190
369170244	220
369170248	166.86
369170252	215.36
369170452	150
369170456	100
369170460	190
369170468	220
369170472	220
369170476	220
369170484	220
369170488	188.4
369170492	210
369170500	230
369170504	220
369170508	190
369170516	170.54
369170520	220
369170524	210
369170532	220
369170536	171.39
369170540	210
369170548	190
369170552	176.89
369170556	220
369170564	150
369170572	173.76
369170580	172.81
369170584	164.85
369170588	180
369170596	140.12
369170600	150
369170604	190
369170612	154.97
369170616	173.97
369170620	134.18
369170628	150
369170632	160
369170636	150
369170644	160
369170648	170
369170652	130.15
369170660	127.78
369170664	179.15
369170668	128.03
369170676	210
369170680	210
369170684	210
369170692	172.48
369170696	190
369170700	230
369170708	227.93
369170712	180
369170716	177.51
369170724	230
369170728	218.33
369170732	219.82
369170740	190
369170744	190
369170748	180
369170756	220
369170760	220
369170764	220
369170772	97.48
369170776	98.77
369170780	94.12
369170788	100.11
369170792	112.22
369170796	100.18
369170804	115.33
369170808	113.16
369170812	112.61
369170820	112.86
369170824	113.1
369170828	113.14
369170836	111.42
369170840	110.53
369170844	112.03
369170852	112.66
369170856	112.91
369170860	110.93
369170868	111.08
369170872	111.73
369170876	112.61
369170884	108.38
369170888	112.06
369170892	113.6
369170900	202.3
369170904	170
369170908	190
369170916	196.43
369170920	180
369170924	220
369170932	206.37
369170936	192.23
369170940	195.14
369170948	190
369170952	230
369170956	211.77
369170964	220
369170968	220
369170972	210
369170980	178.86
369170984	180
369170988	180
369170996	220
369171000	180
369171004	230
369171012	180
369171016	200
369171020	210
369171028	190
369171032	180
369171036	205.91
369171044	195.96
369171048	229.59
369171052	180
369171060	190
369171064	221.84
369171068	180
369171076	230
369171080	220
369171084	180
369171092	190
369171096	171.46
369171100	173.18
369171108	232.78
369171112	180
369171116	200
369171124	240
369171128	200
369171132	223.41
369171140	220
369171144	240
369171148	180
369171156	220
369171160	240
369171164	240
369171172	240
369171176	240
369171180	230
369171188	240
369171192	240
369171196	222.18
369171204	220
369171208	190
369171212	190
369171220	150
369171224	150
369171228	150
369171236	137.77
369171240	145.56
369171244	132.49
369171252	150
369171256	145.47
369171260	145.18
369171268	130.99
369171272	133.13
369171276	128.79
369171284	150
369171288	155.34
369171292	140
369171300	133.28
369171304	150
369171308	126.1
369171316	135.72
369171320	131.23
369171324	150
369171332	134.98
369171336	128.45
369171340	150
369173524	136.23
369173528	137.24
369173532	138.57
369173540	123.91
369173544	131.04
369173548	129.27
369173556	127.23
369173560	150
369173564	136.78
369173572	134.58
369173576	150
369173580	144.9
369173588	128.77
369173592	140
369173596	139.43
369173604	131.47
369173608	136.38
369173612	124.66
369173620	210
369173624	203.35
369173628	200
369173636	150
369173640	220
369173644	150
369173652	150
369173656	210
369173660	202.25
369173668	160
369173672	207.29
369173676	190
369173684	190
369173688	210
369173692	210
369173700	200
369173704	150
369173708	180
369173716	180
369173720	180
369173724	190
369173732	210
369173736	210
369173740	180
369173748	210
369173752	204.26
369173756	190
369173764	210
369173768	220
369173772	190
369173780	190
369173784	210
369173788	180
369173796	210
369173800	180
369173804	220
369173812	202.71
369173816	180
369173820	220
369173828	220
369173832	207.89
369173836	206.27
369173844	101.24
369173848	98.61
369173852	100.53
369173860	80
369173864	109.82
369173868	118.54
369173876	80
369173880	113.28
369173884	121.5
369173892	125.41
369173896	92.55
369173900	124.26
369173908	80
369173912	96.76
369173916	80
369173924	127.8
369173928	126.07
369173932	127.54
369173940	96.92
369173944	99.76
369173948	80
369173956	97.37
369173960	100.47
369173964	80
369173972	80
369173976	80
369173980	100.18
369173988	80
369173992	99.66
369173996	80
369174004	80
369174008	80
369174012	102.26
369174020	80
369174024	80
369174028	96.93
369174036	91.45
369174040	118.85
369174044	123.27
369174052	99.55
369174056	80
369174060	124.1
369174068	80
369174072	80
369174076	106.02
369174084	80
369174088	95.84
369174092	121.14
369174100	150
369174104	80
369174108	160
369174116	80
369174120	150
369174124	80
369174132	80
369174136	80
369174140	106.58
369174148	220
369174152	200
369174156	190
369174164	163.36
369174168	180
369174172	200
369174180	220
369174184	160
369174188	180
369174196	160
369174200	180
369174204	190
369174212	205.02
369174216	160
369174220	210
369174228	220
369174232	190
369174236	200
369174244	200
369174248	190
369174252	195.18
369174260	240
369174264	200
369174268	195.72
369174276	202.43
369174280	180
369174284	190
369174292	210
369174296	210
369174300	200
369174308	207.59
369174312	170
369174316	203.56
369174324	180
369174328	174
369174332	220
369174340	190
369174344	190
369174348	190
369174548	180
369174552	141.37
369174556	150
369174564	180
369174568	180
369174572	176.54
369174580	180
369174584	137.9
369174588	139.51
369174596	180
369174600	150
369174604	129.06
369174612	148.02
369174616	134.32
369174620	137.69
369174628	180
369174632	150
369174636	180
369174644	180
369174648	139.83
369174652	137.15
369174660	210
369174664	190
369174668	180
369174676	210
369174680	180
369174684	190
369174692	203.14
369174696	220
369174700	230
369174708	210
369174712	180
369174716	240
369174724	210
369174728	190
369174732	230
369174740	207.09
369174744	210
369174748	190
369174756	200
369174760	180
369174764	205.52
369174772	220
369174776	220
369174780	190
369174788	230
369174792	220
369174796	210
369174804	210
369174808	210
369174812	200
369174820	210
369174824	190
369174828	202.6
369174836	210
369174840	190
369174844	210
369174852	190
369174856	210
369174860	205.32
369174868	138.66
369174872	130.48
369174876	160
369174884	139.87
369174888	150
369174892	134.81
369174900	150
369174904	136.37
369174908	136.29
369174916	160
369174920	139.42
369174924	126.11
369174932	137.1
369174936	150
369174940	137.49
369174948	140.13
369174952	134.25
369174956	175.03
369174964	150
369174968	180
369174972	126.13
369174980	129.53
369174984	150
369174988	150
369174996	142.52
369175000	124.84
369175004	146.12
369175012	190
369175016	163.78
369175020	150
369175028	190
369175032	150
369175036	150
369175044	162.21
369175048	139.56
369175052	180
369175060	190
369175064	160
369175068	142.9
369175076	150
369175080	160
369175084	150
369175092	150
369175096	150
369175100	164.04
369175108	150
369175112	165.88
369175116	132.65
369175124	140.69
369175128	140
369175132	131.13
369175140	133.04
369175144	150
369175148	126.63
369175156	150
369175160	145.1
369175164	160
369175172	142.59
369175176	141.29
369175180	150
369175188	141.16
369175192	132.14
369175196	150
369175204	150
369175208	150
369175212	166.63
369175220	160
369175224	129.61
369175228	143.78
369175236	150
369175240	150
369175244	139.05
369175252	139.36
369175256	180
369175260	190
369175268	150
369175272	150
369175276	123.62
369175284	150
369175288	164.95
369175292	139.63
369175300	160
369175304	140
369175308	124.57
369175316	150
369175320	139.36
369175324	160
369175332	140.6
369175336	128.49
369175340	142.18
369175348	180
369175352	144.69
369175356	138.44
369175364	150
369175368	170
369175372	140.9
369175380	141
369175384	150
369175388	142.8
369175396	123.08
369175400	150
369175404	142.98
369175412	170.17
369175416	135.02
369175420	132.27
369175428	168.24
369175432	160
369175436	140.62