436228133	170
436228134	215
436228137	220
436228138	265.5
436228141	195
436228142	220.5
436228145	190
436228149	185.675
436228150	222.095
436228153	220
436228154	201.38
436228165	192.735
436228166	211.46
436228169	224.5
436228170	196.115
436228173	188.65
436228174	230
436228177	236
436228178	206.68
436228181	185.205
436228182	229.5
436228185	220.5
436228186	213
436228197	200
436228198	180
436228201	215.5
436228202	252.5
436228205	185
436228206	236.5
436228209	236
436228210	258.5
436228213	200
436228214	246
436228217	236.5
436228218	215
436228229	184.8
436228230	227.64
436228233	183.78
436228234	215
436228237	192.035
436228238	215
436228241	187.375
436228242	210
436228245	187.185
436228246	200
436228249	185
436228250	210
436228261	220
436228262	190
436228265	180
436228266	201.68
436228269	215
436228270	189.325
436228273	209.06
436228274	190
436228277	205
436228278	185
436228281	210
436228282	215
436228293	193.525
436228294	220
436228297	174.895
436228298	195
436228301	235
436228302	210
436228305	185
436228306	220
436228309	231.05
436228310	225
436228313	185.03
436228314	225
436228325	205
436228326	225
436228329	230
436228330	230
436228333	205
436228334	190
436228337	225
436228338	230
436228341	250
436228342	185
436228345	215
436228346	225
436228357	194.5
436228358	193.23
436228361	210
436228365	185
436228366	181.5
436228369	230
436228370	210.5
436228373	199
436228377	210
436228378	257
436228389	261.5
436228390	240
436228393	240
436228394	180
436228397	259
436228398	235
436228401	210
436228402	185
436228405	190
436228406	240
436228409	220
436228410	180.835
436228421	190
436228422	175
436228425	200
436228426	235
436228429	175
436228430	210
436228433	225
436228434	210
436228437	190
436228438	190.775
436228441	190
436228442	210
436228453	220
436228454	166.24
436228457	213.885
436228458	189.31
436228461	215
436228462	166.05
436228465	219.5
436228466	225.5
436228469	210
436228470	237.5
436228473	238.5
436228474	242.5
436228485	220
436228486	190
436228489	213.925
436228490	215
436228493	240
436228494	183.895
436228497	230
436228498	210
436228501	235
436228502	191.26
436228505	205
436228506	205
436228517	190
436228518	210
436228521	215
436228522	230
436228525	185
436228526	165
436228529	180.84
436228530	240
436228533	170
436228534	240
436228537	187.08
436228538	230
436228549	213.5
436228550	169.84
436228553	210
436228554	230
436228557	220
436228558	207
436228561	181.135
436228562	210
436228565	230.665
436228566	190.115
436228569	180
436228570	220
436228581	265
436228582	210
436228585	225
436228586	205
436228589	250
436228590	210
436228593	215
436228594	200
436228597	255
436228598	225
436228601	218.99
436228602	205
436228613	235
436228614	227
436228617	244
436228618	190
436228621	240
436228622	218.665
436228625	195.635
436228626	180
436228629	220
436228630	217.76
436228633	193.935
436228634	185
436228646	195
436228649	220.5
436228650	247.98
436228653	195
436228654	195
436228657	249.25
436228661	180
436228662	180
436228665	261
436228677	192.5505
436228678	193.5
436228681	208
436228685	161.496
436228686	182
436228689	212.5
436228690	263
436228693	199
436228694	191.14
436228697	232.5
436228698	255
436228709	247.5
436228710	240
436228713	210
436228714	180
436228717	251
436228718	240
436228721	225
436228722	180
436228725	262.5
436228726	235
436228729	220
436228730	165
436228741	196.5
436228742	232.5
436228745	230
436228746	215
436228749	171.465
436228750	210
436228753	225
436228754	210
436228757	178.653
436228758	210
436228761	190
436228762	215
436228773	210
436228774	230
436228777	200
436228778	210
436228781	262
436228782	198.23
436228785	226.5
436228786	202.48
436228789	249.29
436228790	212.71
436228793	215
436228794	213.58
436228805	220
436228806	234.5
436228809	227
436228810	200
436228813	225
436228814	197.765
436228817	215
436228818	200
436228821	225
436228822	184.335
436228825	230.5
436228826	198.355
436228837	200
436228838	244.5
436228841	256
436228845	185
436228849	211.5
436228850	267
436228853	185.39
436228854	235
436228857	215
436228858	236.4
436228869	242.1
436228873	220
436228874	228.395
436228877	242.74
436228881	210
436228882	239.25
436228885	213.5
436228886	210
436228889	210
436228890	217.49
436228901	180
436228902	180.5
436228905	230
436228906	200
436228909	174.295
436228913	190
436228914	210
436228917	170
436228918	174.64
436228921	190
436228922	220
436228933	230
436228934	214
436228937	244.5
436228938	210
436228941	230
436228942	220
436228945	235.71
436228949	225
436228950	220.85
436228953	214.5
436228965	230.5
436228966	220
436228969	207
436228973	220.5
436228974	215
436228977	257
436228981	226
436228985	214.275
436228986	183.47
436228997	221.235
436228998	205
436229001	185
436229002	225
436229005	220
436229006	215
436229009	180
436229010	225
436229013	225
436229014	215
436229017	180
436229018	225
436229029	225
436229030	215
436229033	190
436229034	225
436229037	225
436229038	205
436229041	215
436229042	230
436229045	220
436229046	205
436229049	225
436229050	230
436229061	260
436229062	205
436229065	230
436229066	215
436229069	255
436229070	200
436229073	200
436229074	210
436229077	199.935
436229078	220
436229081	197.445
436229082	210
436229093	190
436229094	195.775
436229097	190
436229098	200
436229101	190
436229102	235
436229105	185
436229106	200
436229109	190
436229110	200
436229113	185
436229114	195
436229125	190
436229126	181.388
436229129	220
436229133	180.4
436229134	186.355
436229137	210
436229141	180
436229142	194
436229145	195
436229146	180.75
436229157	185
436229158	220.685
436229161	215
436229162	225
436229165	220
436229166	234.385
436229169	220
436229170	210
436229173	204
436229174	202.35
436229177	210
436229178	215
436229189	223.6155
436229190	225
436229193	250
436229194	190
436229197	216.111
436229198	231
436229201	229.055
436229202	190
436229205	230
436229206	220
436229209	241.335
436229210	180
436229221	220
436229222	230
436229225	170
436229226	190
436229229	222.149
436229230	158.43
436229233	189.105
436229234	200
436229237	225
436229238	233.5
436229241	219.38
436229242	200
436229253	200
436229254	172.605
436229257	195
436229258	190
436229261	200
436229262	180
436229265	210.5
436229266	250
436229269	200
436229270	175
436229273	120.435
436229274	195
436229285	220
436229286	224
436229289	216.5
436229290	233.725
436229293	215
436229294	237
436229297	223.5
436229298	220.5
436229301	215
436229302	236.5
436229305	216
436229306	220.5
436229317	205
436229318	225
436229321	220
436229322	225
436229325	225
436229326	215
436229329	220
436229330	230
436229333	210
436229334	220
436229337	225
436229338	225
436229349	200
436229350	210
436229353	220
436229354	220
436229357	210
436229358	240
436229361	180
436229362	175
436229365	214.15
436229366	237
436229369	213.185
436229370	180
436229381	170
436229382	193.5
436229385	190
436229386	268
436229389	180
436229390	182.745
436229393	195
436229394	227.4
436229397	186.535
436229398	188.625
436229401	200
436229402	209.62
436229413	230
436229414	210
436229417	220
436229421	206.505
436229422	235
436229425	225
436229426	222.675
436229429	210
436229430	210
436229433	211.69
436229434	255
436229445	210
436229446	220
436229449	195
436229450	239
436229453	205
436229454	190
436229457	210
436229458	239.5
436229461	183.5845
436229462	185
436229465	215
436229466	240
436232229	248.5
436232230	180
436232233	218
436232234	230
436232237	264.5
436232238	170
436232241	220
436232242	225
436232245	258.5
436232246	185
436232249	219
436232250	235
436232261	261.5
436232262	180
436232265	218
436232266	225
436232269	272.5
436232270	180
436232273	227
436232274	199.995
436232277	182.615
436232278	180
436232281	222
436232282	187.41
436232293	238
436232294	185
436232297	214.5
436232298	221.5
436232301	219.5
436232302	185
436232305	247.5
436232306	200
436232309	260.5
436232310	205
436232313	221
436232314	200
436232325	225
436232326	220
436232329	210
436232330	225
436232333	208.99
436232334	210
436232337	200
436232338	235
436232341	210.5
436232342	225
436232345	225
436232346	230
436232357	177.17
436232358	210
436232361	215
436232362	190
436232365	175
436232366	205
436232369	215
436232370	178.385
436232373	180
436232374	205
436232377	215
436232378	190
436232389	165
436232390	195
436232393	190
436232394	200
436232397	189.28
436232398	195
436232401	170
436232402	195
436232405	190
436232406	190
436232409	195
436232410	186
436232421	258
436232422	205
436232425	242
436232426	215
436232429	242.5
436232430	215
436232433	242.5
436232434	225
436232437	270.5
436232438	205
436232441	243.5
436232442	215
436232453	255
436232454	205
436232457	240
436232458	220
436232461	255
436232462	200
436232465	234.5
436232466	225
436232469	255
436232470	205
436232473	231
436232474	225
436232485	227
436232486	192.495
436232489	221.5
436232490	190
436232493	231.725
436232494	190.4
436232497	220
436232498	210.5
436232501	253.38
436232502	191.12
436232505	220.5
436232506	212
436232517	200
436232518	212.82
436232521	180
436232522	155
436232525	200
436232529	200
436232530	170
436232533	200
436232534	215
436232537	173.54
436232538	175
436232549	188.3
436232550	190
436232553	200
436232554	200
436232557	181.81
436232558	200
436232561	200
436232562	193.855
436232565	195
436232566	195
436232569	190
436232570	185
436232581	210
436232582	225
436232585	222
436232586	227.5
436232589	225
436232590	211.55
436232593	231
436232594	220.5
436232597	210
436232598	236
436232601	212.735
436232602	217.4
436232613	200
436232614	210
436232617	200
436232618	155
436232621	215
436232622	210
436232625	165.8965
436232626	180
436232629	230
436232630	220
436232633	200
436232634	180
436232645	240.5
436232646	218
436232649	243.5
436232650	200
436232653	272
436232654	211
436232657	241.5
436232658	200
436232661	244
436232662	221
436232665	240.5
436232666	195
436232677	230
436232681	230
436232682	235.735
436232685	226.58
436232686	247
436232690	238.5
436232693	225
436232694	231
436232697	230
436232698	202.8
436232709	220
436232710	270
436232714	222.5
436232717	226.38
436232718	268
436232721	213
436232722	232.5
436232725	230
436232726	228.77
436232729	217
436232730	222.19
436232741	249
436232742	210
436232745	230
436232746	215
436232749	215
436232750	230
436232753	234.5
436232757	200
436232761	220
436232762	210
436232773	220
436232774	258.5
436232777	230
436232778	220
436232781	264.5
436232782	210
436232785	220
436232786	230
436232789	230
436232790	245
436232793	245
436232794	210
436232806	210
436232809	220
436232810	245
436232813	250
436232814	220
436232821	240
436232822	217
436232825	230
436232826	210.5
436232837	231.5
436232838	185
436232841	225
436232842	214.3115
436232845	241
436232846	185
436232849	221
436232850	225
436232853	230.5
436232854	185
436232857	216.5
436232858	230
436232869	200
436232870	165.72
436232873	190
436232874	220
436232877	192.37
436232878	175
436232881	185
436232882	225
436232885	180
436232886	206.945
436232889	178.515
436232890	230
436232901	190
436232902	190
436232905	180.11
436232906	200
436232909	170
436232910	195
436232913	190
436232914	171.055
436232917	190
436232918	190
436232921	185
436232922	155
436232933	265
436232934	225
436232937	213.465
436232938	230.5
436232941	234.285
436232942	215
436232945	213.305
436232946	226.5
436232949	216.8
436232950	210
436232953	222.5
436232954	223
436232965	204.61
436232966	235
436232969	191.445
436232970	190
436232973	205
436232974	230
436232977	192.52
436232978	185
436232981	220
436232982	235
436232985	205.575
436232986	190
436232997	220
436232998	225
436233001	195
436233002	175
436233005	220
436233006	225
436233009	186.69
436233010	190
436233013	200
436233014	215
436233017	183.045
436233018	190
436233029	255
436233030	210
436233033	222
436233034	215
436233037	245
436233038	197.97
436233041	229.5
436233042	220
436233045	250
436233046	190.31
436233049	216.5
436233050	220
436233061	250
436233062	178.37
436233065	225.5
436233066	215
436233069	255
436233070	186.855
436233073	197
436233074	170
436233077	180
436233078	171.66
436233081	230
436233082	220
436233093	185
436233094	185
436233097	180
436233098	195
436233101	170
436233102	190
436233105	180
436233106	200
436233109	200
436233110	190
436233113	194.09
436233114	185
436233125	200
436233126	235
436233129	215
436233130	200
436233133	205
436233134	230
436233137	210
436233138	200
436233141	223.69
436233142	235
436233145	200.63
436233146	200
436233157	180
436233158	205
436233161	220
436233162	191.925
436233165	171.27
436233166	215
436233169	215
436233170	191.305
436233173	180
436233174	200
436233177	215
436233178	190
436233189	200
436233190	195
436233193	253
436233194	176.32
436233197	200
436233198	212.075
436233201	180
436233202	241.98
436233205	190
436233206	225
436233209	170
436233210	125.5
436233221	228
436233222	261
436233226	220
436233229	210
436233230	277
436233233	220
436233234	220
436233237	215
436233238	260.5
436233241	210
436233242	200
436233253	212
436233254	205
436233257	253
436233258	225
436233261	250
436233262	215
436233265	238
436233266	220
436233269	255
436233270	220
436233273	224.5
436233274	215
436233285	250
436233286	215
436233289	185
436233290	245
436233293	175
436233294	210
436233297	235
436233298	240
436233301	170
436233302	210
436233305	210
436233306	240
436233317	245
436233318	177.685
436233321	199.4495
436233322	215
436233325	250
436233326	181.52
436233329	191.123
436233330	225
436233333	245
436233334	190
436233337	217
436233338	225
436233349	175
436233353	210
436233354	185.21
436233357	170
436233358	190
436233361	190
436233362	189
436233365	170
436233366	190
436233369	200
436233381	175
436233382	205
436233385	205
436233386	245
436233389	180
436233390	215
436233393	220
436233394	240
436233397	180
436233398	205
436233401	220
436233402	183.425
436233413	190
436233414	200
436233417	200
436233418	185.98
436233421	190
436233422	225
436233425	185
436233426	210
436233429	200
436233430	225
436233433	170
436233434	187
436233445	233.23
436233446	220
436233449	220
436233450	232
436233453	256
436233454	220
436233457	200
436233458	206.5
436233461	205.5
436233462	215
436233465	230
436233466	229.5
436233477	218
436233478	245
436233481	171.481
436233482	190
436233485	231
436233486	255
436233489	215
436233490	200
436233493	235
436233494	255
436233497	225
436233498	214.155
436233509	200
436233510	235
436233513	185
436233517	181.5
436233518	230
436233521	185
436233522	186.195
436233525	190
436233526	220
436233529	180
436233530	181.05
436233541	190.81
436233542	210
436233545	190
436233546	240
436233549	180
436233550	210
436233553	183.28
436233554	245
436233557	180
436233558	210
436233561	175.205
436233562	240
436244517	245
436244518	198.035
436244521	221.5
436244522	237.5
436244525	231.29
436244526	217.19
436244529	220
436244530	244.5
436244533	239
436244534	225.5
436244537	241
436244538	249
436244549	196.5
436244550	224
436244553	219.5
436244554	240.5
436244557	217.5
436244558	195
436244561	239.5
436244562	237.5
436244565	225.5
436244566	134.5085
436244569	225.5
436244570	270
436244581	195
436244582	187.62
436244585	195
436244586	175
436244589	170
436244590	200
436244593	200
436244594	175
436244597	180
436244598	180
436244601	200
436244602	195
436244613	231.5
436244614	219.5
436244617	188.907
436244618	233.5
436244621	226.39
436244622	205.21
436244625	221
436244626	225.5
436244629	233.84
436244630	226
436244633	191.001
436244634	225.5
436244645	190
436244646	188.5
436244649	200
436244650	195
436244653	190
436244654	181.3
436244657	190
436244658	195
436244661	192.285
436244665	166.8
436244666	200
436244677	237.5
436244678	210.5
436244681	244.5
436244682	247
436244685	237.5
436244686	214
436244689	228.5
436244690	251.5
436244693	221
436244694	204.24
436244697	230
436244698	241.5
436244709	193.2
436244710	190.19
436244713	200
436244714	200
436244717	190
436244718	161
436244721	165
436244722	200
436244725	190
436244726	225.5
436244729	189.1
436244730	190
436244741	233
436244742	217.08
436244745	227.628
436244746	236.5
436244749	222.03
436244750	231
436244753	210
436244754	235
436244757	237.5
436244758	215.5
436244761	219.5
436244762	230
436244773	217.5
436244774	215
436244777	259.5
436244778	180
436244781	223.5
436244782	225
436244785	253.5
436244786	180.39
436244789	217.5
436244790	230
436244793	255
436244794	185
436244805	247
436244806	206.95
436244809	222.81
436244813	230
436244814	223
436244817	216
436244821	230
436244822	210
436244825	235
436244837	225.5
436244838	218
436244841	243.5
436244842	232.5
436244845	215.975
436244846	211.5
436244849	234
436244850	241
436244853	230
436244854	210
436244857	219
436244858	260.5
436244869	188.3685
436244870	199.01
436244873	243
436244874	185.87
436244877	190
436244878	230
436244881	225.13
436244882	180
436244885	182.054
436244886	232
436244889	245.5
436244890	190
436244901	246
436244902	220
436244905	271
436244906	213
436244909	240
436244910	235
436244913	263
436244914	220
436244917	253.5
436244918	220
436244921	266
436244922	209.5
436244933	191.58
436244934	138
436244937	215
436244938	215
436244941	190
436244942	184.355
436244945	190
436244946	225
436244950	184.32
436244953	190
436244954	215
436244965	232.072
436244966	222
436244969	243
436244970	248
436244973	235
436244974	216.5
436244977	216
436244978	240
436244981	235
436244982	195.715
436244985	237.5
436244986	239
436244997	246
436244998	250
436245001	180
436245002	210
436245005	206
436245006	225
436245009	215
436245010	215
436245013	230
436245014	225
436245017	220
436245018	215
436245029	195
436245030	170
436245033	170
436245034	215
436245037	195
436245038	190
436245041	190
436245042	215
436245045	200
436245046	195
436245049	190
436245050	263.5
436245061	219
436245062	187.205
436245065	188.96
436245066	185
436245069	216
436245070	186.66
436245073	257.6
436245074	180
436245077	524.5
436245078	190
436245081	247.5
436245082	190
436245093	210
436245094	218.89
436245097	210
436245098	259.5
436245101	220
436245102	235
436245105	220
436245106	258
436245109	216.205
436245110	235
436245113	215
436245114	267
436245125	200
436245126	233
436245129	230
436245130	211.325
436245133	210
436245134	208.65
436245137	230
436245138	251.5
436245141	204.1405
436245142	203.5
436245145	214
436245146	252.78
436245157	230
436245158	240
436245161	210
436245162	240
436245165	214.2
436245166	235
436245169	210
436245170	220
436245173	238.47
436245174	260
436245177	245
436245178	210
436245189	231.5
436245190	230
436245193	229
436245194	190
436245197	229.5
436245198	235
436245201	234.5
436245202	190
436245205	228.5
436245206	230
436245209	210.611
436245210	190
436245221	247.5
436245222	235
436245225	250
436245226	173.045
436245229	235
436245230	235
436245233	255
436245234	175
436245237	239
436245238	230
436245241	255
436245242	170
436245253	237
436245254	235
436245257	255
436245258	185
436245261	242
436245262	240
436245265	265
436245266	175
436245269	245.5
436245270	220
436245273	215
436245274	180
436245285	210
436245286	222
436245289	210
436245290	220
436245293	240
436245294	232.665
436245297	225
436245298	210.44
436245301	188.3095
436245302	258.5
436245305	210
436245306	212.23
436245317	200
436245318	200
436245321	190
436245322	210
436245325	185
436245326	190
436245329	200
436245330	210
436245333	200
436245334	200
436245337	200
436245338	235
436245349	190
436245350	170
436245353	195
436245354	195
436245357	195
436245358	185
436245361	200
436245362	190
436245365	197.42
436245366	195
436245369	180
436245370	170
436245381	235
436245382	235
436245385	255
436245386	185
436245389	235.5
436245390	245
436245393	260
436245394	175
436245397	236.5
436245398	235
436245401	260
436245402	181.015
436245413	232.5
436245414	225
436245417	251.5
436245418	205
436245421	239
436245422	225
436245425	257
436245426	200
436245429	221.25
436245430	220
436245433	247
436245434	210.9
436245445	189.417
436245446	175.5
436245449	210
436245453	198.5
436245454	183.32
436245457	225
436245458	213.4
436245461	210
436245462	195.725
436245465	221.645
436245477	220.75
436245478	230
436245481	220
436245485	220
436245486	230
436245489	220
436245490	245.55
436245493	240
436245494	210
436245497	250
436245498	230.62
436245509	190
436245510	200
436245513	200
436245514	195
436245517	200
436245518	200
436245521	190
436245522	200
436245525	195
436245526	180
436245529	185
436245530	195
436245541	200
436245542	145
436245545	200
436245546	220.99
436245549	180
436245550	170
436245553	190
436245554	235
436245557	190
436245558	185
436245561	180
436245562	225
436245573	220
436245574	213.035
436245577	190
436245578	263.5
436245581	168.65
436245582	160
436245585	210
436245586	217.59
436245589	200
436245590	260
436245593	249
436245594	237
436245605	198.9475
436245606	213.33
436245609	254
436245610	172.675
436245613	230
436245614	217.135
436245617	217.08
436245618	184.885
436245621	175
436245622	233
436245625	250.5
436245626	190
436245637	165
436245638	184.9355
436245641	225
436245642	185
436245645	191.03
436245646	200
436245649	200
436245650	185
436245653	190
436245654	200
436245657	230
436245658	185
436245669	190
436245670	199.205
436245673	215
436245674	188.4
436245677	170
436245678	183.21
436245681	220
436245682	250.5
436245685	195
436245686	187.22
436245689	216.005
436245690	191.13
436245701	220
436245702	221.8235
436245705	260.5
436245706	180
436245709	218.5
436245710	220
436245713	245.5
436245714	175
436245717	223.5
436245718	220
436245721	253.5
436245722	185
436245733	233.5
436245734	211.42
436245737	184.573
436245738	229.5
436245741	246
436245742	225.5
436245745	192.2955
436245746	221
436245749	231.13
436245750	196.925
436245753	182.5
436245754	245.5
436245765	215
436245766	236
436245769	225
436245773	205
436245774	245.5
436245777	210
436245778	222.04
436245781	220
436245782	239.29
436245785	220
436245786	235
436245797	249
436245798	230
436245801	234.5
436245802	210
436245805	242.5
436245806	220
436245809	235.5
436245810	200
436245813	200
436245814	225
436245817	210
436245818	205
436245829	240
436245830	235
436245833	227.1385
436245834	235.85
436245837	220
436245838	224
436245841	211
436245842	212
436245845	221.45
436245846	245
436245849	185
436245861	200
436245862	231
436245865	225
436245866	268
436245869	206.86
436245870	224.975
436245873	230
436245874	263
436245877	230
436245878	237.62
436245881	220
436245882	260
436245893	230
436245894	203.3525
436245897	268.5
436245898	246.72
436245901	230
436245902	219.765
436245905	227
436245906	230.96
436245909	215
436245910	209.95
436245913	223.505
436245925	185.9035
436245926	215
436245929	228
436245930	178.575
436245933	186.5355
436245934	220
436245937	223.5
436245938	185
436245941	222
436245942	220
436245945	229
436245946	183.57
436245957	245
436245958	209.065
436245961	231.5
436245962	219
436245965	236.975
436245966	212
436245969	227
436245970	229.5
436245973	246.5
436245974	220.5
436245977	213.9505
436245978	234.5
436245989	233
436245990	235
436245993	229.5
436245994	185
436245997	199.049
436245998	235
436246001	228.5
436246002	181.535
436246005	227.455
436246006	225
436246009	237
436246010	242
436246021	223.5
436246022	215
436246025	250
436246026	209.22
436246029	232.5
436246030	225
436246033	250
436246034	190
436246037	233
436246038	235
436246041	240
436246042	180
436248613	199.5
436248614	245
436248617	215
436248618	213
436248621	187.237
436248622	237
436248625	225
436248626	213.935
436248629	191.5
436248630	245
436248633	225
436248634	200.045
436248645	237
436248646	198.37
436248649	217.808
436248650	239.5
436248653	241.5
436248654	212
436248657	241.5
436248658	236.5
436248661	227.34
436248662	203.08
436248665	236
436248666	230
436248677	180
436248678	175
436248681	195
436248682	195
436248685	190
436248686	165
436248689	190
436248690	230
436248693	190
436248694	170
436248698	185.99
436248709	249
436248710	233
436248713	235
436248714	243.5
436248717	231.5
436248718	241.5
436248721	245
436248722	248.5
436248725	244.5
436248726	236
436248729	237.028
436248730	252.5
436248741	234
436248742	213.5
436248745	213
436248746	241.5
436248749	244.5
436248750	214
436248753	241
436248754	213.5
436248757	245
436248758	219
436248761	239
436248762	217.5
436248773	221
436248774	250
436248777	230
436248778	189
436248781	220.74
436248782	245
436248785	225
436248786	235.5
436248789	234
436248790	240
436248793	215.965
436248794	189.095
436248805	235
436248806	190
436248809	200
436248810	200
436248813	200
436248814	210
436248817	200
436248818	185.415
436248821	190
436248822	235
436248825	190
436248826	190
436248837	211
436248838	250
436248841	260.5
436248842	217.5
436248845	221
436248846	245
436248849	239.845
436248850	206.5
436248853	238.5
436248854	250
436248857	225
436248858	219
436248869	226.5
436248870	228
436248873	236.5
436248874	205.075
436248877	232
436248878	230.5
436248881	242
436248882	204.63
436248885	230
436248886	229.5
436248889	244.5
436248890	198
436248901	230
436248902	230
436248905	215.42
436248906	220
436248909	210
436248910	230
436248913	220
436248914	230
436248917	220
436248918	220
436248921	227.07
436248933	230
436248937	220
436248938	224
436248941	220
436248942	260
436248945	220
436248946	229.5
436248949	210
436248950	230
436248953	240
436248954	210
436248965	229
436248966	250.5
436248969	224
436248970	165
436248973	220.5
436248974	246
436248977	217
436248978	165
436248981	233.5
436248982	276.5
436248985	233.5
436248986	170.667
436248997	220
436248998	210
436249001	210
436249002	217.7015
436249005	220
436249006	215
436249009	210
436249010	235
436249013	230
436249014	210
436249017	222
436249018	215
436249029	196
436249030	194.525
436249033	225
436249034	218.5
436249037	174.0395
436249038	196.9275
436249041	220
436249042	219
436249045	236
436249046	190.09
436249049	220
436249050	210
436249061	231.685
436249062	234
436249065	233.5
436249066	237
436249069	239
436249070	245
436249073	245.5
436249074	238.5
436249077	228.26
436249078	224
436249081	236
436249082	219
436249093	240
436249094	249.5
436249097	242
436249098	243
436249101	193.795
436249102	232.0715
436249105	229
436249106	234
436249109	164
436249110	222.2755
436249113	220.035
436249114	231.5
436249125	203.51
436249126	190
436249129	225
436249130	215.9
436249133	173.165
436249134	206.5
436249137	230
436249138	211.5
436249141	195.755
436249142	245
436249145	214.3655
436249146	192.39
436249157	180
436249158	200
436249161	200
436249162	170
436249165	190
436249166	200
436249169	182.415
436249170	160
436249173	185
436249174	185
436249177	200
436249178	200
436249189	227.5
436249190	240
436249193	245
436249194	221.5
436249197	217.4205
436249198	245
436249201	254
436249202	220.5
436249205	213.585
436249206	240
436249209	269
436249210	235
436249221	249
436249222	229.5
436249225	236
436249226	217.405
436249229	241
436249230	233
436249233	244.5
436249234	228.5
436249237	228
436249238	224.5
436249241	241
436249242	203.98
436249253	190
436249254	190
436249257	200
436249258	185
436249261	195
436249262	175
436249265	200
436249266	190
436249269	190
436249270	200
436249273	180
436249274	185
436249285	229
436249286	258
436249289	220.5
436249290	165
436249293	197.639
436249294	253
436249297	214
436249298	170
436249301	237
436249302	255.5
436249305	217
436249306	213.992
436249317	230.69
436249321	220.885
436249325	213.5
436249326	237.59
436249329	205.98
436249330	213.9
436249333	256
436249337	232.5
436249338	220
436249349	227.91
436249350	230
436249353	212.5
436249354	223.425
436249357	230
436249358	244.935
436249361	200
436249362	210
436249365	235.5
436249366	210
436249369	220
436249370	223.5
436249381	190
436249382	243.5
436249385	180
436249386	161
436249389	195
436249390	215
436249393	180
436249394	195.775
436249397	200
436249398	233.67
436249401	195
436249402	147.47
436249413	226.55
436249414	240
436249417	220
436249418	182
436249421	248
436249422	245
436249425	225
436249426	202.08
436249429	226
436249430	210
436249433	220
436249434	222.5
436249445	190
436249446	237
436249449	230
436249450	231.5
436249453	236.5
436249454	235
436249457	220
436249458	212.66
436249461	229.5
436249462	210
436249465	245
436249466	236.055
436249477	245
436249478	179.285
436249481	226.5
436249482	220
436249485	255
436249486	179.815
436249489	227
436249490	220
436249493	245
436249494	180
436249497	220.5
436249498	215
436249509	200
436249510	180
436249513	190
436249514	180
436249517	200
436249518	195
436249521	190
436249522	200
436249525	190
436249526	190.11
436249529	195
436249530	185
436249541	233.5
436249542	255
436249545	237.5
436249546	227
436249549	220.045
436249550	245
436249553	237
436249554	218.5
436249557	232.98
436249558	245
436249561	270.5
436249562	214
436249573	220
436249574	240.5
436249577	190
436249578	155.025
436249581	190
436249582	215
436249585	170
436249586	162
436249589	195
436249590	222.28
436249593	180
436249594	193
436249605	220
436249606	210
436249609	230
436249610	230
436249613	220
436249614	210
436249617	210
436249621	220
436249625	210
436249626	235
436249637	223.3735
436249638	225.5
436249641	215
436249642	192.09
436249645	232
436249646	236.5
436249649	215
436249650	228.5
436249653	230
436249654	236
436249657	210.832
436249658	210.5
436249669	189.085
436249670	263
436249673	162.436
436249674	220
436249677	267
436249681	216
436249682	210
436249685	226.62
436249686	225
436249689	234
436249690	237.075
436249701	224
436249702	240
436249705	225
436249706	216
436249709	218.095
436249710	230
436249713	215
436249714	218.5
436249717	216
436249718	222.117
436249721	225
436249722	200
436249733	228
436249734	261
436249737	228.5
436249738	220.986
436249741	225.5
436249742	253
436249745	222.5
436249746	219.97
436249749	235
436249750	257
436249753	203.604
436249754	225
436249765	225
436249766	200
436249769	180
436249770	200
436249773	210
436249774	229
436249777	242.17
436249781	195
436249782	255
436249785	238
436249786	190
436249797	230
436249798	222.5
436249801	228.99
436249805	220
436249806	227
436249810	225
436249813	245
436249814	225
436249817	220
436249818	235
436249829	180
436249830	200
436249833	170
436249834	185
436249837	190
436249838	197.225
436249841	195
436249842	180
436249845	175
436249846	200
436249849	190
436249850	170
436249861	176.215
436249862	224.16
436249865	160
436249866	190
436249869	190
436249873	194.66
436249874	190
436249877	190
436249881	157.89
436249882	214.5
436249893	219
436249894	236.5
436249897	240
436249898	217
436249901	222.5
436249902	231
436249905	199.5
436249906	229.5
436249909	236
436249910	240.5
436249913	197.5
436249914	212.45
436249925	210
436249926	225
436249929	230
436249930	217.5395
436249933	230
436249934	220
436249937	230
436249938	235
436249941	220
436249945	230
436249946	225
436249957	237
436249958	257.5
436249961	231
436249962	230
436249965	230
436249966	180.71
436249969	216.5
436249970	217.58
436249973	223.5
436249974	187.13
436249977	218
436249978	230
436249989	235.5
436249990	194.16
436249993	210.065
436249994	215
436249997	234.5
436249998	216.5
436250001	211.22
436250002	239
436250005	240.5
436250006	208.5
436250009	210.87
436250010	229.15
436250021	210
436250022	218
436250025	179.4115
436250026	220
436250029	230
436250033	183.9895
436250034	220
436250037	205.325
436250038	254
436250041	195
436250042	226
436250053	210
436250057	180
436250058	185
436250061	190
436250062	257
436250065	190
436250066	190
436250069	210
436250070	241.445
436250073	190
436250074	165
436250085	220
436250086	255
436250089	216.28
436250093	210
436250094	239.36
436250097	220
436250098	255
436250101	227
436250105	220
436250106	213.685
436250117	254
436250118	250
436250121	266
436250122	208.805
436250125	212
436250126	243.4295
436250129	241.755
436250130	232.5
436250133	224
436250134	240
436250137	272
436250138	223.5
436260900	185
436260904	197
436260908	190
436260912	180
436260916	192.345
436260920	180
436260932	240.59
436260936	210
436260940	200
436260944	240
436260948	210
436260952	240
436260964	221.5
436260968	213
436260972	209.5
436260976	216.5
436260980	211.5
436260984	215.5
436260996	205
436261000	205
436261004	205
436261008	205
436261012	205
436261016	205
436261028	200
436261032	200
436261036	190
436261040	190
436261044	191.915
436261048	190
436261060	216.5
436261064	212
436261068	214
436261072	219.5
436261076	204
436261080	214.5
436261092	225
436261096	225
436261100	215
436261104	225
436261108	235
436261112	230
436261124	170
436261128	200
436261132	218.595
436261136	230.5
436261140	180
436261144	200
436261156	200
436261160	142.97
436261164	175.345
436261168	187.24
436261172	168.1805
436261176	175
436261188	184.985
436261192	185
436261196	178.115
436261200	210
436261204	210
436261208	190
436261220	218.5
436261224	214
436261228	230
436261232	210
436261236	210
436261240	210
436261252	174.925
436261256	190
436261260	195
436261264	144.005
436261268	159.8
436261272	200
436261284	195
436261288	175
436261292	190
436261296	200
436261300	170
436261304	197.37
436261316	184.1965
436261320	225
436261324	207.045
436261328	220
436261332	220
436261336	204.76
436261348	220
436261352	224
436261356	211.8645
436261360	217
436261364	215.5
436261368	215.5
436261380	216.5
436261384	228.5
436261388	220.5
436261392	219
436261396	231
436261400	227.5
436261412	205
436261416	205
436261420	225
436261424	174.9725
436261428	230
436261432	254.5
436261444	210
436261448	210
436261452	235
436261456	225
436261460	230
436261464	221.125
436261476	223
436261480	218
436261484	200
436261488	200.484
436261492	196.0365
436261496	169.0225
436261508	223
436261512	226
436261516	230
436261520	225
436261524	235
436261528	230
436261540	209.5
436261544	184.06
436261548	198.29
436261552	218.5
436261556	180
436261560	210
436261572	155.64
436261576	170
436261580	170
436261584	170
436261588	157.1
436261592	179.18
436261604	205
436261608	205
436261612	205
436261616	205
436261620	210
436261624	175
436261636	210
436261640	220
436261644	215
436261648	210
436261652	230
436261656	220
436261668	221.295
436261672	203.82
436261676	227
436261680	236.5
436261684	230
436261688	204.135
436261700	225
436261704	197.585
436261708	205
436261712	210
436261716	220
436261720	220
436261732	220
436261736	193.95
436261740	240
436261744	230
436261748	245
436261752	215
436261764	235
436261768	230
436261772	230
436261776	205
436261780	205
436261784	205
436261796	205
436261800	210.5
436261804	215.5
436261808	213.5
436261812	235
436261816	213
436261828	217.295
436261832	205
436261836	200
436261840	207
436261844	218.42
436261848	229
436261860	195
436261864	200
436261868	200
436261872	200
436261876	197.24
436261880	187.985
436261892	190.6725
436261896	173.779
436261900	219.5
436261904	230.5
436261908	231
436261912	217.5
436261924	217
436261928	218.5
436261932	232.5
436261936	241.5
436261940	224
436261944	225
436261956	240
436261960	240
436261964	230
436261968	220
436261972	245
436261976	235
436261988	195
436261992	190
436261996	195
436262000	175
436262004	190
436262008	190
436262020	226.872
436262024	235
436262028	245
436262032	230
436262036	240
436262040	240
436262052	229.875
436262056	249.105
436262060	250
436262064	137.483
436262068	163.9775
436262072	190
436262084	204.19
436262088	213.5
436262092	212
436262096	250
436262100	209
436262104	207
436262116	230.5
436262120	232.5
436262124	227
436262128	227
436262132	228.5
436262136	232.5
436262148	214.81
436262152	183.741
436262156	184.185
436262160	184.375
436262164	184.7065
436262168	185
436262180	235
436262184	230
436262188	230
436262192	230
436262196	235
436262200	230
436262212	195
436262216	195
436262220	185
436262224	185
436262228	170
436262232	200
436262244	225
436262248	230
436262252	235
436262256	225
436262260	225
436262264	240
436262276	190
436262280	185
436262284	178.64
436262288	186.992
436262292	221.5
436262296	185
436262308	215
436262312	220
436262316	230
436262320	230
436262324	215
436262328	235
436262340	220
436262344	225
436262348	230
436262352	220
436262356	220
436262360	240
436262372	186.66
436262376	178.62
436262380	210
436262384	210
436262388	210
436262392	205.29
436262404	178.25
436262408	183.235
436262412	190
436262416	160
436262420	175
436262424	196.84
436262436	206
436262440	218
436262444	220
436262448	219
436262452	217.14
436262456	220
436262468	189.195
436262472	195.67
436262476	188.925
436262480	195
436262484	190.16
436262488	190
436262500	487
436262504	234
436262508	209.854
436262512	230
436262516	239.5
436262520	229.5
436262532	210
436262536	210
436262540	230
436262544	220
436262548	235
436262552	220
436262564	190
436262568	200
436262572	200
436262576	220
436262580	225
436262584	210
436262596	169.775
436262600	157.562
436262604	215
436262608	210.39
436262612	235.585
436262616	244.15
436264996	190.7225
436265000	189.165
436265004	196
436265008	226.5
436265012	233
436265016	229.5
436265028	240.5
436265032	247
436265036	251.5
436265040	241.5
436265044	243
436265048	238
436265060	230
436265064	215
436265068	230
436265072	230
436265076	230
436265080	210
436265092	248.5
436265096	236
436265100	241
436265104	232.8835
436265108	245
436265112	250
436265124	180
436265128	190
436265132	165
436265136	190
436265140	155
436265144	185
436265156	250
436265160	236.0935
436265164	240
436265168	250
436265172	250
436265176	219.141
436265188	228.5
436265192	231
436265196	218.865
436265200	238.5
436265204	232.5
436265208	240.5
436265220	248
436265224	241
436265228	234
436265232	235.5
436265236	236.5
436265240	238.5
436265252	255
436265256	240
436265260	234.1
436265264	240
436265268	250
436265272	250
436265284	226.495
436265288	222.52
436265292	235
436265296	228.98
436265300	224.56
436265304	218.51
436265316	253.5
436265320	243.5
436265324	241.5
436265328	239.5
436265332	244.5
436265336	238.5
436265348	175
436265352	176.855
436265356	226.41
436265360	215.945
436265364	212.685
436265368	215
436265380	225
436265384	221.145
436265388	215
436265392	217.275
436265396	210
436265400	210
436265412	210
436265416	210
436265420	210
436265424	210
436265428	215
436265432	210
436265444	233.205
436265448	232.125
436265452	241.665
436265456	239.03
436265460	237.735
436265464	229.3
436265476	217.815
436265480	178.3
436265484	197.545
436265488	235
436265492	245
436265496	197.08
436265508	234
436265512	255
436265516	255
436265520	210
436265524	205
436265528	210
436265540	234.5
436265544	220
436265548	225
436265552	213
436265556	221
436265560	240.5
436265572	205
436265576	210
436265580	210
436265584	220
436265588	233
436265592	250.5
436265604	173.775
436265608	190
436265612	179.635
436265616	198.78
436265620	190
436265624	165.015
436265636	235.5
436265640	217.5
436265644	240.5
436265648	235.5
436265652	232
436265656	248.5
436265668	239
436265672	240
436265676	218
436265680	229
436265684	208.09
436265688	235
436265700	241
436265704	224.5
436265708	238
436265712	215
436265716	230
436265720	225.5
436265732	225
436265736	218.645
436265740	228.465
436265744	205.015
436265748	209.995
436265752	240.49
436265764	182.31
436265768	219.1625
436265772	217
436265776	220.5
436265780	235
436265784	230
436265796	190
436265800	175
436265804	200
436265808	175
436265812	190
436265816	185
436265828	190
436265832	190
436265836	200
436265840	190
436265844	175
436265848	180.47
436265860	226
436265864	226.5
436265868	233
436265872	235
436265876	240
436265880	230
436265892	186.205
436265896	173.365
436265900	160
436265904	195
436265908	220.495
436265912	230.37
436265924	216.54
436265928	209.27
436265932	225
436265936	223.365
436265940	230
436265944	222.28
436265956	238.365
436265960	237.435
436265964	234.825
436265968	224.08
436265972	240.42
436265976	217.65
436265988	225
436265992	235
436265996	220
436266000	215
436266004	230
436266008	225
436266020	190
436266024	170
436266028	170
436266032	170
436266036	170
436266040	179.5405
436266052	237.05
436266056	245.275
436266060	243.875
436266064	246.995
436266068	230.395
436266072	220.08
436266084	254
436266088	246.5
436266092	267.5
436266096	185
436266100	185.145
436266104	185.26
436266116	240.35
436266120	240
436266124	186.3
436266128	161.555
436266132	225.055
436266136	235.025
436266148	225
436266152	235
436266156	225
436266160	225
436266164	235
436266168	245
436266180	183.14
436266184	180
436266188	188.9185
436266192	194.745
436266196	198.395
436266200	181.355
436266212	240
436266216	250.305
436266220	250
436266224	236.52
436266228	245
436266232	239.6605
436266244	230
436266248	221
436266252	230.5
436266256	240.5
436266260	247
436266264	233.5
436266276	178.63
436266280	180
436266284	190
436266288	190
436266292	190
436266296	180
436266308	226.26
436266312	165.6595
436266316	175
436266320	248.635
436266324	183.645
436266328	180
436266340	230
436266344	225
436266348	225
436266352	218.705
436266356	232.375
436266360	230
436266372	186.525
436266376	175
436266380	180
436266384	167.8535
436266388	220
436266392	190
436266404	240
436266408	225
436266412	230
436266416	240
436266420	245
436266424	215.141
436266436	235
436266440	235
436266444	185
436266448	235
436266452	220.45
436266456	220
436266468	237
436266472	243
436266476	233.5
436266480	229
436266484	232.5
436266488	238.5
436266500	242.5
436266504	240
436266508	235
436266512	230
436266516	214.6415
436266520	225
436266532	215
436266536	210
436266540	210
436266544	210
436266548	205
436266552	215
436266564	243
436266568	236
436266572	238
436266576	240.5
436266580	236
436266584	245.5
436266596	195
436266600	253
436266604	202.07
436266608	176.85
436266612	170
436266616	196.5
436266628	215
436266632	216.22
436266636	210
436266640	225
436266644	220
436266648	225
436266660	237.5
436266664	246
436266668	234.5
436266672	236.5
436266676	244
436266680	233.5
436266692	205
436266696	235
436266700	230
436266704	250
436266708	245
436266712	235
436277284	220
436277288	220
436277292	240
436277296	240
436277300	234.5
436277304	211.82
436277316	241
436277320	190
436277324	159.97
436277328	184.195
436277332	190
436277336	160
436277348	215
436277352	215
436277356	230
436277360	225
436277364	220
436277368	212
436277380	220
436277384	230.5
436277388	225.08
436277392	211.345
436277396	210
436277400	220
436277412	196.46
436277416	180
436277420	165
436277424	190
436277428	184.55
436277432	200
436277444	222.0795
436277448	225
436277452	195
436277456	183.127
436277460	200
436277464	205
436277476	157.845
436277480	199.93
436277484	180
436277488	175.905
436277492	154.105
436277496	175
436277508	220
436277512	245
436277516	226.99
436277520	207.5
436277524	208
436277528	225
436277540	222
436277544	220
436277548	208.5
436277552	216
436277556	220
436277560	220
436277572	245
436277576	210
436277580	210
436277584	220
436277588	220
436277592	220
436277604	185.645
436277608	185.7125
436277612	186.155
436277616	186.46
436277620	186.625
436277624	239.34
436277636	244.5
436277640	242
436277644	252.5
436277648	237.5
436277652	261
436277656	229
436277668	218.891
436277672	242
436277676	242
436277680	242
436277684	244.5
436277688	245.5
436277700	173.795
436277704	185
436277708	190
436277712	180
436277716	180
436277720	195
436277732	255
436277736	260
436277740	250
436277744	198.21
436277748	191.28
436277752	224.3
436277764	245
436277768	239.5
436277772	232
436277776	241.5
436277780	235
436277784	243.5
436277796	180
436277800	152.095
436277804	180
436277808	160
436277812	175
436277816	212.26
436277828	203
436277832	211.5
436277836	230
436277840	206.864
436277844	240
436277848	230
436277860	170
436277864	188.917
436277868	195
436277872	188.4005
436277876	175
436277880	154.5
436277892	195
436277896	195.775
436277900	165.339
436277904	220
436277908	179.714
436277912	175.15
436277924	214
436277928	208.616
436277932	203.5
436277936	231.5
436277940	208.5
436277944	247.5
436277956	250
436277960	245
436277964	227.4935
436277968	245
436277972	260
436277976	255
436277988	225
436277992	230
436277996	225
436278000	215.555
436278004	215
436278008	215
436278020	166.15
436278024	165.735
436278028	197
436278032	175
436278036	199.645
436278040	170
436278052	169.29
436278056	200
436278060	200
436278064	200
436278068	192.98
436278072	200.3645
436278084	185
436278088	200
436278092	200
436278096	190
436278100	200
436278104	200
436278116	212.665
436278120	231.5
436278124	214.3235
436278128	208.165
436278132	222
436278136	230
436278148	211.5
436278152	214
436278156	237.485
436278160	210
436278164	215.79
436278168	224.4
436278180	183.105
436278184	190
436278188	170.72
436278192	165
436278196	194.59
436278200	200
436278212	205
436278216	210
436278220	210
436278224	181.63
436278228	190
436278232	180.36
436278244	236.94
436278248	231.565
436278252	229.03
436278256	236.155
436278260	238.215
436278264	235.3
436278276	170
436278280	195
436278284	190
436278288	190
436278292	195
436278296	174.8385
436278308	200
436278312	190
436278316	186.285
436278320	182.125
436278324	187.955
436278328	195
436278340	150
436278344	190
436278348	185
436278352	197.5
436278356	245
436278360	235
436278372	230
436278376	222.7485
436278380	234.345
436278384	239.5
436278388	226.5
436278392	213.5
436278404	240
436278408	236.5
436278412	235
436278416	220.03
436278420	210
436278424	230
436278436	190
436278440	190
436278444	180.465
436278448	189.55
436278452	191.966
436278456	190
436278468	219
436278472	226
436278476	240
436278480	221.28
436278484	213.48
436278488	250
436278500	205
436278504	238
436278508	205
436278512	211.715
436278516	216.5
436278520	220
436278532	190
436278536	182.575
436278540	180
436278544	180
436278548	173.125
436278552	183.4855
436278564	197.775
436278568	182.92
436278572	163.545
436278576	183.64
436278580	170
436278584	179.394
436278596	212.05
436278600	218.735
436278604	217.5
436278608	181.32
436278612	245.76
436278616	247
436278628	231.765
436278632	240.5
436278636	234.5
436278640	237
436278644	209.76
436278648	230.5
436278660	205
436278664	205
436278668	205
436278672	205
436278676	205
436278680	205
436278692	212.21
436278696	240
436278700	210
436278704	225
436278708	224.0065
436278712	209.16
436278724	250
436278728	225
436278732	240
436278736	220
436278740	210
436278744	220
436278756	149.43
436278760	155
436278764	174.71
436278768	180.74
436278772	170
436278776	150
436278788	155
436278792	155
436278796	155
436278800	155
436278804	160
436278808	155
436278820	212.67
436278824	212.845
436278828	213.68
436278832	237.495
436278836	207.5
436278840	243.5
436278852	200
436278856	180
436278860	200
436278864	200
436278868	190
436278872	168.274
436278884	165
436278888	175
436278892	169.575
436278896	170
436278900	196.26
436278904	180
436278916	194.76
436278920	175
436278924	193
436278928	180
436278932	180
436278936	195
436278948	236.625
436278952	232.125
436278956	216.785
436278960	210.91
436278964	215
436278968	210
436278980	226.925
436278984	211.44
436278988	215.875
436278992	217.245
436278996	221.48
436279000	232.685
436279012	193.385
436279016	175
436279020	175
436279024	169.2
436279028	177.22
436279032	158.81
436279044	177.47
436279048	194.955
436279052	161.03
436279056	196.055
436279060	185
436279064	189.2245
436279076	248.5
436279080	236
436279084	235
436279088	217.1955
436279092	205.305
436279096	207.035
436279108	223.06
436279112	250.5
436279116	230
436279120	230
436279124	235
436279128	210
436279140	187.265
436279144	180
436279148	148.195
436279152	176.4505
436279156	190
436279160	181.035
436279172	190
436279176	186.53
436279180	189.675
436279184	185
436279188	185
436279192	180
436281380	249.5
436281384	228
436281388	225
436281392	230
436281396	230
436281400	223.825
436281412	210.39
436281416	220
436281420	215
436281424	210
436281428	220
436281432	225
436281444	170
436281448	170
436281452	200
436281456	180
436281460	179.93
436281464	200
436281476	192.7
436281480	182.02
436281484	220
436281488	230
436281492	205
436281496	215
436281508	216.5
436281512	210
436281516	244.5
436281520	217.565
436281524	230
436281528	230.5
436281540	240
436281544	240
436281548	240
436281552	245
436281556	228.025
436281560	245
436281572	230
436281576	230
436281580	240
436281584	240
436281588	238.36
436281592	210
436281604	215
436281608	210
436281612	235
436281616	233.005
436281620	231.5
436281624	220
436281636	190
436281640	190
436281644	200
436281648	180
436281652	200
436281656	190
436281668	231.135
436281672	240.215
436281676	239.27
436281680	231.135
436281684	233.53
436281688	230.87
436281700	185
436281704	190
436281708	175
436281712	214.655
436281716	180
436281720	232.74
436281732	160
436281736	160
436281740	160
436281744	146.655
436281748	145.575
436281752	190.31
436281764	210
436281768	219.53
436281772	202.5
436281776	205
436281780	232.5
436281784	206
436281796	185
436281800	180
436281804	200
436281808	185
436281812	180
436281816	195
436281828	189.9305
436281832	187.3995
436281836	184.8705
436281840	186.875
436281844	210
436281848	198
436281860	230.75
436281864	230
436281868	210
436281872	239
436281876	210
436281880	220
436281892	226.5
436281896	247.5
436281900	261.5
436281904	208
436281908	253
436281912	231
436281924	207.001
436281928	240
436281932	208.66
436281936	214.645
436281940	210.075
436281944	204.21
436281956	230
436281960	230
436281964	220
436281968	220
436281972	225
436281976	235
436281988	180
436281992	181.495
436281996	182.7295
436282000	210
436282004	193.566
436282008	205
436282020	185
436282024	190
436282028	185
436282032	185
436282036	185
436282040	190
436282052	240
436282056	224.595
436282060	250
436282064	209.43
436282068	215.615
436282072	225.72
436282084	215
436282088	225
436282092	225.5
436282096	225
436282100	205
436282104	220
436282116	221
436282120	221
436282124	218.5
436282128	213.8085
436282132	215.5
436282136	227.5
436282148	225.05
436282152	235
436282156	210
436282160	205
436282164	236.415
436282168	205
436282180	225.5
436282184	232.5
436282188	229
436282192	224.5
436282196	231.5
436282200	210.3855
436282212	230
436282216	206
436282220	240
436282224	230
436282228	225
436282232	225
436282244	174.19
436282248	190
436282252	177.625
436282256	185
436282260	177.31
436282264	180.31
436282276	226.92
436282280	240.495
436282284	225.295
436282288	217.975
436282292	237.04
436282296	212.085
436282308	209
436282312	206
436282316	202
436282320	210.99
436282324	208.32
436282328	207.07
436282340	180.365
436282344	185
436282348	181.68
436282352	181.1
436282356	175
436282360	180
436282372	175
436282376	170.085
436282380	175
436282384	170
436282388	170
436282392	170
436282404	207.765
436282408	220
436282412	203.775
436282416	242.99
436282420	230
436282424	225
436282436	235.755
436282440	235.475
436282444	234.425
436282448	199.78
436282452	194.535
436282456	215
436282468	219
436282472	217
436282476	210
436282480	217.655
436282484	200
436282488	200
436282500	200
436282504	190
436282508	136.4
436282512	195
436282516	178.74
436282520	167.915
436282532	222.44
436282536	215.98
436282540	194.415
436282544	195.215
436282548	220
436282552	200
436282564	233.485
436282568	242.93
436282572	230.915
436282576	236.545
436282580	237
436282584	233.37
436282596	216.6
436282600	229.5
436282604	213.905
436282608	209.12
436282612	228.5
436282616	209.47
436282628	195.5
436282632	189.995
436282636	183.475
436282640	195
436282644	199.76
436282648	187.64
436282660	232.275
436282664	215
436282668	210
436282672	209.5
436282676	170
436282680	205.5
436282692	217.5
436282696	213.5
436282700	210
436282704	209.5
436282708	185
436282712	225
436282724	204
436282728	252.5
436282732	230
436282736	206.5
436282740	264.5
436282744	209
436282756	155
436282760	159.205
436282764	230
436282768	245
436282772	220
436282776	215
436282788	205
436282792	172.625
436282796	170.95
436282800	165
436282804	160
436282808	160
436282820	185
436282824	170.8765
436282828	180
436282832	190
436282836	190
436282840	170
436282852	215.605
436282856	235.295
436282860	210.64
436282864	241.62
436282868	240.065
436282872	235.73
436282884	165
436282888	175
436282892	180
436282896	232.2285
436282900	230.0775
436282904	225
436282916	180
436282920	190
436282924	173.29
436282928	195
436282932	200
436282936	180.87
436282948	227.091
436282952	220.25
436282956	230
436282960	230
436282964	230
436282968	235
436282980	225
436282984	215
436282988	230
436282992	230
436282996	220
436283000	229.22
436283012	180
436283016	185
436283020	190
436283024	195
436283028	190
436283032	190
436283044	200
436283048	211.67
436283052	217.755
436283056	215
436283060	214.58
436283064	205.145
436283076	235
436283080	225
436283084	225
436283088	215
436283092	225
436283096	215
436283108	210
436283112	230
436283116	225
436283120	220
436283124	220
436283128	220
436283140	210
436283144	205
436283148	160
436283152	150
436283156	215
436283160	226.397
436283172	225
436283176	215
436283180	210
436283184	210
436283188	230
436283192	220
436283204	241.12
436283208	190
436283212	190
436283216	190
436283220	209.5915
436283224	210
436283236	233
436283240	228.5
436283244	233
436283248	223.5
436283252	221.5
436283256	233
436283268	235
436283272	235
436283276	235
436283280	235
436283284	230
436283288	190
436293668	205.5
436293672	208
436293676	210
436293680	215
436293684	217
436293688	218.905
436293700	142.37
436293704	214.72
436293708	215
436293712	220
436293716	145
436293720	145
436293732	167.15
436293736	180
436293740	162.547
436293744	181.095
436293748	154.8975
436293752	185
436293764	205
436293768	200
436293772	200
436293776	210
436293780	195
436293784	168.2175
436293796	135
436293800	145
436293804	165
436293808	155
436293812	130
436293816	140
436293828	175
436293832	225
436293836	240
436293840	190
436293844	206.11
436293848	210
436293860	165
436293864	165
436293868	200
436293872	210
436293876	200
436293880	220
436293892	180
436293896	223.015
436293900	175
436293904	175
436293908	175
436293912	185.26
436293924	162.485
436293932	190
436293936	200
436293944	160
436293956	215
436293960	165
436293964	160
436293968	140
436293972	159.555
436293976	215
436293988	227.45
436293992	206.49
436293996	219.16
436294000	175
436294004	200
436294008	209
436294020	185.89
436294024	185.55
436294028	172.965
436294032	145
436294036	140
436294040	235
436294052	189.568
436294056	191.78
436294060	192.59
436294064	193.765
436294068	190.984
436294072	192.9515
436294084	145
436294088	170
436294092	223
436294096	223
436294100	155
436294104	175
436294116	170
436294120	200
436294124	145
436294128	165.62
436294132	145
436294136	170
436294148	170
436294152	155
436294156	165
436294160	175
436294164	210
436294168	200
436294180	165
436294184	165
436294188	165
436294192	185
436294196	165
436294200	165
436294212	211.52
436294216	210.5
436294220	225.815
436294224	210.5
436294228	201.103
436294244	190
436294248	150
436294252	185
436294256	190
436294260	135.132
436294264	160
436294276	161.13
436294280	157.195
436294284	171.695
436294288	173.535
436294292	185
436294296	210
436294308	220
436294312	205
436294316	220
436294320	200
436294324	170
436294328	132.625
436294340	185
436294344	161.194
436294348	162.7755
436294352	175
436294356	180
436294360	140
436294372	160
436294376	205
436294380	230
436294384	215
436294388	155
436294392	155
436294404	161.51
436294408	231.21
436294412	180
436294416	165
436294420	160
436294424	215
436294436	142.217
436294440	175
436294444	170
436294448	170
436294452	207.949
436294456	220
436294468	185
436294472	190
436294476	185
436294480	180
436294484	185
436294488	177.11
436294500	230
436294504	235
436294508	230
436294512	195
436294516	155
436294520	175
436294532	170
436294536	200
436294544	218.93
436294552	167.63
436294564	165
436294568	200
436294572	215
436294576	200
436294580	205
436294584	200
436294596	210.17
436294600	150
436294604	175
436294608	190
436294616	195
436294628	185
436294632	180
436294636	155
436294640	170
436294644	175
436294648	180
436294660	200
436294664	205
436294668	200
436294672	205
436294676	173.25
436294680	180
436294692	177.19
436294696	192.965
436294700	186
436294704	186.085
436294708	195
436294712	165
436294724	215
436294728	220
436294732	250
436294736	196.862
436294740	222.5
436294744	221.5
436294756	185
436294760	133.34
436294764	165
436294768	220
436294772	220
436294776	170
436294788	168.715
436294792	179.71
436294796	170
436294804	101.98
436294808	170
436294820	193.63
436294824	205
436294828	210
436294832	205
436294836	225
436294840	227
436294852	175
436294856	180
436294860	180
436294864	185
436294868	180
436294872	185
436294888	126.67
436294892	142.55
436294896	160
436294900	195
436294916	165
436294920	165
436294924	175
436294928	180
436294932	165
436294936	180
436294948	185
436294952	175
436294956	180
436294960	177.6665
436294964	175
436294968	175
436294980	215
436294984	170
436294988	147.5735
436294992	165
436294996	245.62
436295000	190
436295012	185
436295016	197.78
436295020	194
436295024	145
436295028	157.9
436295032	210
436295044	212
436295048	206
436295052	210
436295056	224.5
436295060	213.13
436295064	215
436295076	175
436295080	185
436295084	180
436295088	190
436295092	175.195
436295096	205
436295108	220
436295112	194.2285
436295116	232.105
436295124	207.5
436295128	180
436295140	180
436295144	150
436295148	139.655
436295152	155
436295156	165
436295160	160
436295172	200
436295176	200
436295180	205
436295184	220
436295188	145
436295204	205.565
436295208	212.735
436295212	212.635
436295216	210
436295220	205
436295224	205
436295236	218.49
436295240	220.5
436295244	200
436295248	175
436295252	170
436295256	165
436295268	175
436295272	170
436295276	170
436295280	180
436295284	175
436295288	168.252
436295300	220
436295304	220
436295308	150
436295312	213.68
436295316	244.99
436295320	210
436295332	180
436295336	185
436295340	200
436295344	197.73
436295348	184
436295352	191.685
436295364	183.52
436295368	166.24
436295372	180.515
436295376	180
436295380	185
436295384	194.59
436295396	180
436295400	180
436295404	175
436295408	175
436295412	175
436295416	175
436295428	205
436295432	200
436295436	205
436295440	200
436295448	220
436295460	190
436295464	180
436295468	150
436295472	200
436295476	186
436295480	165.2225
436295492	181.077
436295496	188.485
436295500	175
436295504	133.58
436295508	165
436295512	184.82
436295524	210
436295528	208.74
436295532	195
436295536	200
436295540	200
436295544	205
436295556	148.735
436295560	191
436295564	180
436295568	160
436295572	160
436295576	175
436295588	196.4825
436295592	165.76
436295596	150
436295600	140
436295604	129.384
436295608	130
436295620	175
436295624	175
436295628	161.735
436295632	210
436295636	207.145
436295640	220
436295652	160
436295656	188.325
436295660	210
436295664	210
436295668	210
436295672	210
436295684	165
436295688	247.925
436295692	227.005
436295696	225
436295700	230
436295704	165
436295716	240
436295720	185
436295724	190
436295728	240
436295732	230
436295736	235
436295748	200
436295752	120.99
436295756	170
436295760	175
436295764	162.28
436295768	165
436297764	215
436297768	188.0215
436297772	210
436297776	234.5
436297780	231.8405
436297784	205.5
436297796	175
436297800	180
436297804	190
436297808	190
436297812	185
436297816	190
436297828	160.344
436297832	190
436297836	145
436297840	200
436297844	158.82
436297848	190
436297860	150.1045
436297864	160
436297868	150
436297872	139.2055
436297876	145
436297880	145
436297892	239
436297896	213.25
436297904	210
436297908	210
436297912	202.5
436297924	160
436297928	140
436297932	180
436297936	190
436297940	160
436297944	175
436297956	195
436297960	160
436297964	160
436297968	195
436297972	190
436297976	170
436297988	200
436297992	215
436297996	205
436298000	220
436298004	215
436298008	200
436298020	172.96
436298024	160.06
436298028	175.27
436298032	205
436298036	210
436298040	210
436298052	175
436298060	190
436298064	195
436298068	136.195
436298084	180
436298088	181.5
436298092	183.5
436298096	205
436298100	191.5
436298104	193
436298116	230
436298120	219.85
436298124	226.9
436298128	204.05
436298132	192.76
436298136	203.5
436298148	190
436298152	176.775
436298156	195
436298160	195
436298164	175
436298168	181.065
436298180	180
436298184	170
436298188	170
436298192	195
436298196	200
436298200	165
436298212	122.24
436298216	195
436298220	255.345
436298224	180
436298228	177.21
436298244	161.725
436298248	180
436298252	185.865
436298256	165
436298260	200
436298264	170
436298280	177.76
436298296	175
436298308	167.025
436298312	165
436298316	165
436298320	165
436298324	165
436298328	170
436298340	170
436298344	180.77
436298348	181.725
436298352	190
436298356	157.825
436298360	175
436298372	215
436298376	140
436298380	165
436298384	210
436298388	170
436298392	226.5
436298404	210
436298408	210
436298412	200
436298416	238.405
436298420	175
436298424	261.025
436298436	211.5
436298440	210
436298444	160
436298448	225
436298452	165
436298456	180
436298468	228.945
436298472	131.72
436298476	135
436298480	150
436298484	210
436298488	205
436298500	170
436298504	160
436298508	150
436298512	170
436298516	189.295
436298520	205.465
436298532	206.06
436298536	165.85
436298540	210
436298544	202.5
436298548	211.5
436298552	198.5
436298564	189.71
436298568	143.32
436298572	226.66
436298576	235.245
436298580	224.97
436298584	204.755
436298596	170
436298600	170
436298604	155
436298608	165
436298612	180
436298616	209.37
436298628	200
436298632	205
436298636	205
436298640	205
436298644	205
436298648	205
436298660	194
436298664	182
436298668	184
436298672	194
436298676	209
436298680	210
436298692	175
436298696	170
436298700	170
436298704	170
436298708	190.39
436298712	220
436298724	205.99
436298728	205
436298732	178.83
436298736	160
436298740	180
436298744	235
436298756	150
436298760	165
436298764	180.958
436298768	170
436298776	183.425
436298788	175
436298792	215
436298796	225
436298800	179.38
436298804	225
436298808	205
436298820	200
436298824	175
436298832	175
436298836	151.525
436298840	160
436298852	190
436298856	160
436298860	162.565
436298864	190
436298868	194.395
436298884	175
436298888	175
436298892	190
436298896	205
436298900	185
436298904	190.732
436298916	122.2
436298920	171.43
436298928	185
436298932	131.14
436298936	168.82
436298948	140
436298952	144.8855
436298956	165
436298960	146.366
436298964	155
436298968	145
436298980	136.803
436298984	155
436298988	140
436298992	145
436298996	150.0945
436299000	150
436299016	150
436299020	170
436299024	150
436299028	150
436299032	155
436299044	171.0825
436299048	170
436299052	170
436299056	153.516
436299060	175
436299064	160
436299076	186
436299080	196
436299084	200
436299088	191
436299092	188
436299096	190.5
436299108	190
436299112	210.09
436299116	215
436299120	210
436299124	205
436299128	210
436299140	179.8965
436299144	150
436299148	170
436299152	165
436299156	196.335
436299160	180
436299172	236.5
436299176	200
436299184	215
436299188	191.365
436299192	210
436299204	165
436299208	163.4935
436299212	165
436299216	195
436299220	240
436299224	210
436299236	249.695
436299240	254.385
436299244	252.145
436299248	181.573
436299252	251.68
436299256	160
436299268	205
436299272	220
436299276	230
436299280	226
436299284	209.565
436299288	205.45
436299300	192.27
436299304	225
436299308	170
436299312	175
436299316	180
436299320	165
436299332	185
436299336	191.615
436299340	203.5
436299344	193.5
436299348	198
436299352	206
436299364	175
436299368	190
436299372	200
436299376	189.935
436299380	120.595
436299384	175
436299396	215
436299400	181
436299404	183
436299408	220.5
436299412	226.5
436299416	225
436299428	210
436299432	215
436299436	220
436299440	205
436299444	215
436299448	221.3855
436299460	223.5
436299464	200
436299468	225
436299472	245
436299476	240
436299492	154.655
436299496	175
436299500	180
436299504	163.0945
436299508	175
436299512	196.15
436299524	160
436299528	140
436299532	145
436299536	184.655
436299540	186.995
436299544	140.53
436299556	219.5
436299560	225
436299564	218
436299568	221.5
436299572	216.5
436299576	218.376
436299592	230
436299596	215
436299600	215
436299604	220
436299608	220
436299620	175
436299624	185.4895
436299628	190
436299632	190
436299636	190
436299640	190
436299652	200.565
436299656	224.395
436299660	249.71
436299664	238.095
436299668	259.995
436299672	260.905
436299684	178.67
436299688	180
436299692	193.33
436299696	174.03
436299700	186.615
436299704	188.98
436299720	148.185
436299724	170
436299728	190
436299732	175
436299736	183.07
436299748	197
436299752	208.5
436299756	225
436299760	220
436299764	210
436299768	230
436299780	200.0995
436299784	230
436299788	220
436299792	215
436299796	210
436299800	210
436299812	181.4435
436299816	205
436299820	200
436299824	200
436299828	205
436299832	205
436299844	175
436299848	165
436299852	175
436299856	180
436299860	180
436299864	180
436310084	222
436310088	219.5
436310092	215.5
436310096	224
436310100	210.5
436310104	214.5
436310116	210
436310120	208
436310124	208
436310128	209.5
436310132	203
436310136	180
436310148	193.045
436310152	191.315
436310156	190.06
436310160	189.247
436310164	181.5
436310168	204.785
436310180	186.945
436310184	190
436310188	188.23
436310192	200
436310196	202.42
436310200	187.6785
436310212	212
436310216	211.5
436310220	209.5
436310224	206.5
436310228	204.5
436310232	209.5
436310244	173.535
436310248	159.08
436310252	188.52
436310256	172.195
436310260	178.635
436310264	177.995
436310276	205.5
436310280	203
436310284	204
436310288	204.5
436310292	214.5
436310296	213
436310308	158.18
436310312	181.515
436310316	190
436310320	190
436310324	235
436310328	220
436310340	215
436310344	160
436310348	200
436310352	150.475
436310356	148.23
436310360	137.535
436310372	197.8985
436310376	230
436310380	206
436310384	206.91
436310388	219
436310392	215.275
436310404	185
436310408	137.106
436310412	135
436310416	155
436310420	160
436310424	195
436310436	220.5
436310440	234.5
436310444	233.5
436310448	216
436310452	214
436310456	211
436310468	235
436310472	231.2
436310476	211.31
436310480	207.845
436310484	217.61
436310488	209.251
436310500	207.0055
436310504	228.9515
436310508	244.5
436310512	231.5
436310516	203.02
436310520	216.439
436310532	160
436310536	160
436310540	160
436310544	160
436310548	160
436310552	160
436310564	160
436310568	170
436310576	195
436310580	173.52
436310584	160
436310596	185
436310600	195
436310604	172.965
436310608	150
436310612	219.5
436310616	180
436310628	155
436310632	180.851
436310636	165
436310640	190
436310644	130.235
436310648	148.305
436310660	150
436310664	155
436310668	160
436310672	150
436310676	160
436310680	150
436310692	250
436310696	205
436310700	220
436310704	229.41
436310708	235
436310712	219.4515
436310724	160
436310728	150
436310732	150
436310736	170
436310740	160
436310744	150
436310756	150
436310760	145
436310764	199.685
436310776	160
436310788	150
436310792	150
436310796	150
436310800	150
436310804	160
436310808	160
436310820	220
436310824	230
436310828	220
436310832	213.9855
436310836	213.49
436310852	195
436310856	180
436310860	184.225
436310864	199.585
436310868	160
436310872	190
436310884	156.555
436310888	104.14
436310892	145
436310896	170
436310900	183.5
436310904	132.57
436310916	210
436310920	240
436310924	163.06
436310928	220
436310932	218.218
436310936	207.335
436310948	150
436310952	197.52
436310956	150
436310960	140
436310964	155
436310968	145
436310980	169.9
436310984	185
436310992	175
436310996	140
436311000	150
436311012	195
436311016	170
436311020	160
436311024	200
436311028	145
436311032	160
436311044	143.59
436311052	145
436311056	170
436311060	160
436311064	195
436311076	180.77
436311080	200
436311084	198.5
436311088	170
436311092	150
436311096	150
436311108	165
436311112	170
436311116	165
436311120	170
436311124	123.099
436311128	140
436311140	220
436311144	250
436311148	219.1965
436311152	210
436311156	235
436311160	209.5295
436311176	190
436311180	220
436311184	256.85
436311188	220
436311192	210
436311204	160
436311208	186.945
436311212	165
436311216	170
436311220	175
436311224	178.035
436311236	170
436311240	150
436311244	150
436311248	175
436311252	170
436311256	175
436311268	245
436311272	224.21
436311276	238.815
436311280	236.214
436311284	240
436311288	221.29
436311300	200
436311304	197.295
436311308	200
436311312	200
436311316	200
436311320	200
436311332	150
436311336	150
436311340	180
436311344	160
436311348	165
436311352	160
436311364	106.07
436311368	150
436311372	180
436311384	170
436311396	175
436311404	153.12
436311412	150
436311416	150
436311428	170
436311432	160
436311436	160
436311440	160
436311444	185
436311448	200
436311460	190
436311464	190
436311468	175.995
436311472	106.88
436311476	204.475
436311480	170
436311492	174.515
436311496	180
436311500	191.155
436311504	187.54
436311508	178.05
436311512	175
436311524	220
436311528	157.485
436311532	228.5705
436311536	210.8435
436311540	230
436311544	245
436311556	160
436311560	160
436311564	185
436311568	150
436311572	150
436311576	155
436311588	151.072
436311592	170
436311596	200
436311600	213.7705
436311604	230
436311608	200
436311620	214.5
436311624	212.5
436311628	151.855
436311632	178.5
436311636	159.645
436311640	155.75
436311652	225
436311656	172.84
436311660	174.585
436311664	151.48
436311668	139.49
436311672	168.98
436311716	160
436311720	163.3795
436311724	160
436311728	130
436311732	165
436311736	165
436311748	170
436311752	130
436311756	130
436311760	140
436311764	180
436311768	140
436311780	215
436311784	209.185
436311788	205
436311792	225
436311796	175
436311800	154.75
436311812	174.16
436311816	177.28
436311820	178.755
436311824	171.93
436311828	169.645
436311832	177.43
436311848	119.93
436311852	170
436311864	156.579
436311876	205
436311880	220
436311884	201.3545
436311888	206.88
436311892	205
436311896	230
436311908	140
436311912	150
436311916	150
436311920	140
436311924	160
436311928	130
436311940	188
436311944	179.5
436311948	206.862
436311952	220
436311956	214
436311960	208.5
436311972	251.56
436311988	249.385
436312004	220
436312008	229.215
436312012	220
436312016	222
436312020	202.32
436312024	236.5
436312036	220
436312040	220.885
436312044	220
436312048	170
436312052	159.81
436312056	172.12
436312068	190.1
436312072	178.275
436312076	198
436312080	189.5
436312084	194
436312088	203.5
436312104	195
436312108	111.63
436312116	170
436312132	178.951
436312136	188
436312140	180.5
436312144	184.5
436312148	189
436312152	180.5
436312164	200
436312168	215
436312172	215
436312176	215
436312180	197.69
436312184	164.275
436312196	150
436312200	150
436312204	160
436312208	150
436312212	165
436312216	160
436312228	222.885
436312232	213.5
436312236	224.625
436312240	217.755
436312244	215
436312248	225
436312292	140.5285
436312296	220
436312300	210
436312304	215
436312308	225
436312312	225
436312332	210.6
436312336	213.625
436312340	202.4
436312344	183.2
436312356	206.5
436312360	212.5
436312364	187.055
436312368	193
436312372	220.175
436312376	191.915
436312388	180.0015
436312392	173.5655
436312396	195.5
436312400	192.5
436312404	184.5
436312408	198
436314148	140
436314152	225
436314156	225
436314160	210
436314164	216.31
436314168	220
436314180	220
436314184	220
436314188	215
436314192	220.9365
436314196	210
436314212	160
436314216	170
436314220	165
436314224	152.805
436314228	169.42
436314232	170
436314244	232
436314248	225
436314252	220
436314260	210
436314264	220
436314276	214.56
436314280	210
436314284	210
436314288	232.593
436314292	230
436314296	210
436314308	180
436314312	170
436314316	175
436314320	170
436314324	175
436314328	205
436314340	165.515
436314344	154.7
436314348	130.465
436314352	165
436314356	220
436314360	215
436314372	158.45
436314376	170.2785
436314380	180.955
436314384	150
436314388	155
436314392	192.5775
436314404	225.685
436314408	252.6
436314412	243.27
436314416	215
436314420	225
436314424	210
436314436	225.685
436314440	150.575
436314444	199.02
436314448	190
436314452	142.075
436314456	187
436314468	214.772
436314472	210
436314476	226.04
436314480	235
436314484	222.575
436314488	241.57
436314500	210.5
436314504	183.679
436314508	188.5
436314512	175
436314516	150
436314520	165
436314532	210
436314536	235
436314540	209.5
436314544	228.295
436314548	209.8445
436314552	225
436314564	215
436314568	235
436314572	245
436314576	201.6635
436314580	145
436314596	227
436314600	160.445
436314604	218.27
436314608	212.25
436314612	200
436314616	200
436314628	210
436314632	210
436314636	233.085
436314640	206.2
436314644	207.76
436314648	210
436314660	190
436314664	203.8185
436314668	200
436314672	239.125
436314676	218.19
436314680	215
436314692	240
436314696	145
436314700	215
436314704	216.65
436314708	231.245
436314712	220.265
436314724	180
436314728	145
436314732	230
436314736	227.2
436314740	212.275
436314744	231.945
436314756	200
436314760	175
436314764	170
436314768	151.975
436314772	130.63
436314776	160
436314788	160
436314792	160
436314796	192.5
436314800	166.615
436314804	207.5
436314808	210
436314820	180
436314824	120.76
436314828	188.255
436314832	185
436314836	170
436314840	203.828
436314852	215
436314856	222.61
436314864	215
436314872	225
436314884	193.245
436314888	200
436314892	164.985
436314896	160
436314900	152.155
436314904	172.085
436314920	117.34
436314924	130
436314928	190
436314932	180
436314936	164.23
436314948	230
436314952	119.41
436314956	225
436314960	230
436314964	210
436314968	220
436314980	195
436314984	170
436314988	165
436314992	163.15
436314996	165
436315000	165
436315012	176.985
436315016	200
436315020	185
436315024	197
436315028	165
436315032	117.795
436315044	219.95
436315048	210
436315052	207.065
436315056	210
436315064	236.49
436315076	150
436315084	190
436315088	180
436315092	165
436315096	175
436315108	206.0665
436315112	220
436315116	200
436315120	200
436315124	210
436315128	215
436315140	157.755
436315144	200
436315148	179.625
436315152	165
436315156	145
436315160	189.1045
436315172	200
436315176	174.095
436315180	190.83
436315184	191
436315188	185.016
436315192	186.5
436315204	220
436315208	240
436315212	225
436315216	230
436315220	240
436315224	210
436315236	145
436315240	187.715
436315244	185
436315248	165
436315252	165
436315256	175
436315268	204.42
436315276	235
436315280	220
436315284	236.35
436315288	248.7
436315300	215
436315304	225
436315308	210.809
436315312	225
436315320	220
436315332	210
436315336	215
436315340	225
436315344	209.425
436315348	170
436315352	142.06
436315364	220
436315368	220
436315372	220
436315376	231
436315380	221
436315384	196
436315396	261.02
436315400	206.215
436315404	200
436315408	207.07
436315412	200
436315416	200
436315428	180
436315432	162.354
436315436	165
436315440	160
436315444	170
436315448	175
436315460	215
436315464	210
436315468	220
436315472	220
436315476	215
436315480	220
436315492	235
436315496	210.31
436315500	227.561
436315504	230
436315508	225
436315512	210.46
436315524	163.7
436315528	168.865
436315532	175
436315536	195
436315540	131.66
436315544	170.77
436315556	169.16
436315560	180
436315564	175
436315568	175
436315572	161.925
436315576	150
436315588	170
436315592	145.861
436315596	221.54
436315600	230
436315604	230
436315608	178.34
436315620	215
436315628	215
436315632	210
436315640	180
436315652	185
436315656	170
436315660	181.162
436315664	175
436315668	175
436315672	186.66
436315684	165
436315688	181.285
436315692	132.6095
436315696	140
436315700	185
436315704	140.5005
436315716	160
436315724	170
436315728	170.15
436315732	175
436315736	155
436315748	212.646
436315752	225
436315756	220
436315760	232.17
436315764	224
436315768	202
436315780	175
436315784	178.66
436315788	195
436315792	165
436315796	158.5395
436315800	170
436315812	173.145
436315816	160
436315820	160
436315824	200
436315828	230
436315832	235
436315844	175
436315848	165
436315852	160.066
436315856	163.8
436315860	165
436315864	160
436315876	175
436315880	155
436315884	170
436315888	165
436315896	140
436315908	175
436315912	215
436315916	183.03
436315920	200.905
436315924	130
436315928	180
436315940	185
436315944	160.0875
436315948	163.9495
436315952	185
436315956	180
436315960	173.6665
436315972	160
436315976	150.765
436315980	155
436315984	152.71
436315988	126.59
436315992	135
436316004	200
436316008	195
436316012	170
436316016	190
436316020	180
436316024	170
436316036	170
436316040	180
436316044	180
436316048	170
436316052	167.9455
436316056	175
436316068	152.4165
436316072	168.1845
436316076	180
436316080	159.6055
436316084	170
436316088	154.953
436316100	185
436316104	200
436316108	155
436316112	198.585
436316116	180
436316120	140.03
436316132	220
436316136	214.633
436316140	202.365
436316144	201.935
436316148	225
436316152	210
436316164	210
436316168	210
436316172	230
436316176	215
436316184	215
436316196	204
436316200	194
436316204	153.87
436316208	180
436316212	160.2675
436316216	200
436316232	200
436316236	152.33
436316240	169.28
436316244	160
436316248	180
436316260	166.409
436316264	160.929
436316268	170
436316276	180
436316280	195
436316292	210
436316296	230
436316300	210
436316304	210
436316312	215
436316324	197.5
436316328	215
436316332	204.12
436316336	240
436316340	225
436316344	175
436316356	155
436316360	225
436316364	177.025
436316368	148.35
436316372	174.655
436316376	180
436316388	188.11
436316392	223.5
436316396	172.5
436316400	175
436316404	165
436316408	170
436316420	155
436316424	189.3
436316428	215
436316432	210
436316436	225
436316440	220.43
436316452	200.12
436316456	200
436316460	169.285
436316464	205.345
436316468	200
436316472	205
436316484	165
436316488	155
436316492	175
436316496	153.065
436316500	190
436316504	180