00001 20121130184059 176990638 39591014C 30 208339
00001 20121130184659 203884157 43645159C 30 208339
00002 20121130184849 212016438 44880844C 45 208339
00002 20121130185449 238128268 48931814C 45 208339
00003 20121130185541 241872828 49514732C 60 208339
00003 20121130190141 267442061 53565729C 60 208339
00004 20121130190351 276499213 55019414C 75 208339
00004 20121130190951 301383468 59070600C 75 208339
00005 20121130191040 304737819 59623941C 90 208339
00005 20121130191640 329012345 63675051C 90 208339
00006 20121130191728 332223627 64216946C 105 208339
00006 20121130192329 356054663 68268013C 105 208339
00007 20121130192418 359272085 68821438C 120 208339
00007 20121130193018 382461829 72872745C 120 208339
00008 20121130193157 388826192 73986199C 135 208339
00008 20121130193757 411659352 78037126C 135 208339
00009 20121130193936 417852929 79147885C 150 208339
00009 20121130194536 440039626 83198920C 150 208339
00010 20121130194638 443818229 83890673C 165 208339
00010 20121130195238 465762556 87941794C 165 208339
00011 20121130195320 468371188 88410859C 180 208339
00011 20121130195920 490562200 92462024C 180 208339
00012 20121130200110 497338102 93702066C 194 208339
00012 20121130200711 504966018 97753062C 194 208339
00013 20121130203116 9937246 2059960C 195 208341
00013 20121130203716 30326102 6111265C 195 208341
00014 20121130203810 33303954 6709242C 210 208341
00014 20121130204410 53359954 10760853C 210 208341
00015 20121130204510 56714257 11443598C 225 208341
00015 20121130205111 76326498 15494684C 225 208341
00016 20121130205153 78640301 15974158C 240 208341
00016 20121130205754 98031841 20025029C 240 208341
00017 20121130205906 101878519 20839162C 255 208341
00017 20121130210506 116659790 24890328C 255 208341
00018 20121130210648 122000667 26040722C 270 208341
00018 20121130211249 140653018 30091920C 270 208341
00019 20121130211318 142166821 30422542C 285 208341
00019 20121130211918 160498186 34474499C 285 208341
00020 20121130211946 161908101 34789981C 300 208341
00020 20121130212547 179936447 38840982C 300 208341
00021 20121130212621 181643861 39226349C 325 208341
00021 20121130213221 199452217 43277461C 325 208341
00022 20121130213313 201948448 43860244C 350 208341
00022 20121130213913 219600640 47911286C 350 208341
00023 20121130213944 221072004 48250353C 326 208341
00023 20121130214544 238583437 52301143C 326 208341
00024 20121130214620 240359376 52705852C 301 208341
00024 20121130215220 258029276 56756714C 301 208341
00025 20121130215250 259502056 57096614C 286 208341
00025 20121130215850 276690971 61147667C 286 208341
00026 20121130215926 278335274 61549755C 271 208341
00026 20121130220526 295622917 65600919C 271 208341
00027 20121130220613 297822254 66119010C 256 208341
00027 20121130221213 314869765 70170042C 256 208341
00028 20121130221301 317037985 70719021C 241 208341
00028 20121130221902 333927834 74770104C 241 208341
00029 20121130222050 338967614 75986845C 226 208341
00029 20121130222650 355644392 80037856C 226 208341
00030 20121130222851 361199960 81399034C 211 208341
00030 20121130223451 377187255 85450076C 211 208341
00031 20121130223559 380263531 86212773C 196 208341
00031 20121130224200 396527124 90264150C 196 208341
00032 20121130224228 397784546 90579566C 181 208341
00032 20121130224828 413895407 94630572C 181 208341
00033 20121130225040 419748915 96111502C 166 208341
00033 20121130225640 435657260 100162514C 166 208341
00034 20121130225712 437070789 100524609C 151 208341
00034 20121130230312 452667000 104575952C 151 208341
00035 20121130230359 454666485 105099526C 136 208341
00035 20121130230959 472240634 109150743C 136 208341
00036 20121130231050 474837624 109720335C 121 208341
00036 20121130231650 493014524 113771308C 121 208341
00037 20121130231738 495452532 114311186C 106 208341
00037 20121130232338 513644493 118362451C 106 208341
00038 20121130232416 515569539 118792851C 91 208341
00038 20121130233017 533592863 122844205C 91 208341
00039 20121130233055 535513769 123277664C 76 208341
00039 20121130233656 552864363 127328743C 76 208341
00040 20121130233726 554381457 127674159C 61 208341
00040 20121130234327 572075807 131725275C 61 208341
00041 20121130234510 577128519 132887929C 46 208341
00041 20121130235110 592807378 136938966C 46 208341
00042 20121130235135 594012529 137219174C 31 208341
00042 20121130235735 611352361 141270479C 31 208341
