00001 20130213092126 349027269 58433996C 350 211797
00001 20130213092336 357930824 59897041C 350 211797
00002 20130213092515 364636678 61007680C 325 211797
00002 20130213092725 373433353 62470761C 325 211797
00003 20130213092835 378092938 63250538C 300 211797
00003 20130213093045 386779021 64713569C 300 211797
00004 20130213093140 390469630 65338905C 285 211797
00004 20130213093350 399039884 66801922C 285 211797
00005 20130213093420 400999776 67138913C 270 211797
00005 20130213093630 409472264 68601919C 270 211797
00006 20130213093727 413149749 69241906C 255 211797
00006 20130213093937 421507804 70704878C 255 211797
00007 20130213094023 424450727 71223128C 240 211797
00007 20130213094233 432705754 72686142C 240 211797
00008 20130213094308 434861066 73070539C 225 211797
00008 20130213094518 443021011 74533412C 225 211797
00009 20130213094546 444770466 74849032C 210 211797
00009 20130213094756 452844883 76311936C 210 211797
00010 20130213094828 454845555 76676939C 195 211797
00010 20130213095039 462820419 78139921C 195 211797
00011 20130213095113 464904710 78524476C 180 211797
00011 20130213095323 472789767 79987492C 180 211797
00012 20130213095405 475335726 80462560C 165 211797
00012 20130213095615 483105948 81925551C 165 211797
00013 20130213095718 486811314 82626737C 150 211797
00013 20130213095928 494496846 84089853C 150 211797
00014 20130213095953 495971436 84371869C 135 211797
00014 20130213100203 503574231 85834809C 135 211797
00015 20130213100346 509541122 86991039C 120 211797
00015 20130213100556 517065750 88454094C 120 211797
00016 20130213100620 518483398 88730663C 105 211797
00016 20130213100830 525950063 90193599C 105 211797
00017 20130213100915 528515894 90697654C 90 211797
00017 20130213101125 535938997 92160774C 90 211797
00018 20130213101403 544856002 93929947C 75 211797
00018 20130213101613 552179969 95393019C 75 211797
00019 20130213101634 553395057 95636671C 60 211797
00019 20130213101845 560677688 97099853C 60 211797
00020 20130213101918 562559444 97479704C 45 211797
00020 20130213102128 569793522 98942830C 45 211797
00021 20130213102209 572044676 99399180C 30 211797
00021 20130213102419 579228023 100862156C 30 211797
