00003 20230907144940 373060 52253285 10
00003 20230907145440 373060 57515775 10
00005 20230907145931 373060 62821945 15
00005 20230907150431 373060 69609475 15
00006 20230907150503 373060 70338862 20
00006 20230907151003 373060 77094678 20
00007 20230907151225 373060 80292497 25
00007 20230907151725 373060 87077259 25
00008 20230907151811 373060 88071771 30
00008 20230907152311 373060 94874611 30
00009 20230907152356 373060 95870531 35
00009 20230907152856 373060 102628145 35
00010 20230907152918 373060 103159851 40
00010 20230907153418 373060 109652390 40
00011 20230907153728 373060 113954531 50
00011 20230907154229 373060 120732395 50
00012 20230907154318 373060 121836850 60
00012 20230907154818 373060 128582981 60
00013 20230907154847 373060 129220808 70
00013 20230907155347 373060 135994395 70
00014 20230907155423 373060 136839452 80
00014 20230907155924 373060 143587508 80
00015 20230907155949 373060 144172756 90
00015 20230907160449 373060 150938419 90
00016 20230907160509 373060 151362895 105
00016 20230907161010 373060 158136987 105
00017 20230907161049 373060 159046052 120
00017 20230907161550 373060 165837284 120
00018 20230907161625 373060 166635880 135
00018 20230907162126 373060 173414059 135
00019 20230907162157 373060 174109631 150
00019 20230907162658 373060 180889783 150
00020 20230907162727 373060 181581392 165
00020 20230907163228 373060 188313999 165
00021 20230907163306 373060 189166719 180
00021 20230907163806 373060 195859765 180
00022 20230907163848 373060 196825087 200
00022 20230907164348 373060 203571540 200
00023 20230907164421 373060 204322820 225
00023 20230907164921 373060 211115520 225
00024 20230907164941 373060 211542552 250
00024 20230907165441 373060 218312413 250
00025 20230907165456 373060 218634643 275
00025 20230907165956 373060 225424737 275
00026 20230907170013 373060 225798173 300
00026 20230907170513 373060 232559029 300
