00001 20151121101953 262254 877195351 30
00001 20151121102203 262254 882885754 30
00002 20151121102235 262254 884213737 45
00002 20151121102446 262254 889848703 45
00003 20151121102507 262254 890811515 60
00003 20151121102718 262254 896455002 60
00004 20151121102733 262254 897113767 75
00004 20151121102944 262254 902667278 75
00005 20151121102957 262254 903250630 90
00005 20151121103208 262254 908820051 90
00006 20151121103238 262254 910141487 105
00006 20151121103448 262254 915700222 105
00007 20151121103459 262254 916138242 120
00007 20151121103710 262254 921759452 120
00008 20151121103725 262254 922355494 135
00008 20151121103935 262254 927955034 135
00009 20151121103950 262254 928597381 150
00009 20151121104201 262254 934145366 150
00010 20151121104212 262254 934585004 165
00010 20151121104423 262254 940157290 165
00011 20151121104432 262254 940592850 180
00011 20151121104643 262254 946096872 180
00012 20151121104721 262254 947698930 195
00012 20151121104931 262254 953194991 195
00013 20151121104942 262254 953628236 210
00013 20151121105152 262254 959186096 210
00014 20151121105222 262254 960408260 225
00014 20151121105433 262254 965926815 225
00015 20151121105513 262254 967592403 240
00015 20151121105724 262254 973155356 240
00016 20151121105736 262254 973663161 255
00016 20151121105947 262254 979087898 255
00017 20151121110017 262254 980381412 270
00017 20151121110228 262254 985902336 270
00018 20151121110239 262254 986327123 285
00018 20151121110449 262254 991787290 285
00019 20151121110500 262254 992216092 300
00019 20151121110711 262254 997700565 300
00020 20151121110722 262254 998197028 325
00020 20151121110933 262254 1003604211 325
00021 20151121110944 262254 1004036816 350
00021 20151121111154 262254 1009449815 350
