00001 20170714080941 298996 100725720 10
00001 20170714081152 298996 107177360 10 
00002 20170714081301 298996 109724730 20
00002 20170714081512 298996 118006152 20 
00004 20170714081558 298996 120899549 30
00004 20170714081809 298996 129064883 30 
00005 20170714081845 298996 131421587 40
00005 20170714082056 298996 138252373 40 
00006 20170714082152 298996 141806365 50
00006 20170714082403 298996 148651635 50 
00007 20170714082438 298996 150901541 60
00007 20170714082649 298996 158959939 60 
00008 20170714082911 298996 167634524 75
00008 20170714083122 298996 175673378 75 
00009 20170714083158 298996 177854492 90
00009 20170714083409 298996 185847739 90 
00010 20170714083441 298996 187719207 105
00010 20170714083652 298996 194428299 105
00011 20170714083718 298996 196008113 120
00011 20170714083929 298996 203959245 120
00012 20170714084005 298996 206152402 135
00012 20170714084215 298996 214135286 135
00013 20170714084248 298996 216077452 150
00013 20170714084458 298996 223990834 150
00014 20170714084527 298996 225681437 165
00014 20170714084738 298996 233352879 165
00015 20170714084813 298996 0 180
00015 20170714085023 298996 0 180 
00016 20170714085338 298997 669655 180
00016 20170714085549 298997 4545656 180
00017 20170714085620 298997 5444825 195
00017 20170714085831 298997 7179644 195
00018 20170714085908 298997 7345573 210
00018 20170714090119 298997 10849817 210
00019 20170714090146 298997 11375148 225
00019 20170714090356 298997 13948556 225
00020 20170714090435 298997 14473802 240
00020 20170714090646 298997 18276490 240
00021 20170714090708 298997 18838212 240
00021 20170714090919 298997 22527660 240
00022 20170714090946 298997 23257832 255
00022 20170714091157 298997 0 255 
00023 20170714091241 298998 821158 255
00023 20170714091452 298998 0 255 
00024 20170714092006 299000 19378 255
00024 20170714092217 299000 400504 255
00025 20170714092255 299000 495691 270
00025 20170714092506 299000 7746012 270
00026 20170714092537 299000 9577437 285
00026 20170714092748 299000 13544891 285
00027 20170714092814 299000 14927512 300
00027 20170714093024 299000 22457795 300
00028 20170714093118 299000 25422784 310
00028 20170714093329 299000 32934439 310
00029 20170714093401 299000 34756562 325
00029 20170714093611 299000 41050244 325
