00036 20160803190613 278167 159621208 15
00036 20160803190823 278167 169749335 15
00037 20160803191110 278167 184723917 30
00037 20160803191321 278167 196464176 30
00038 20160803191426 278167 202182727 45
00038 20160803191637 278167 213754911 45
00039 20160803191720 278167 217664128 60
00039 20160803191930 278167 229289903 60
00040 20160803192014 278167 233148748 75
00040 20160803192224 278167 244519157 75
00041 20160803192253 278167 246949508 90
00041 20160803192503 278167 258482638 90
00042 20160803192543 278167 261934714 105
00042 20160803192754 278167 273407887 105
00043 20160803192907 278167 279796991 120
00043 20160803193118 278167 290836411 120
00044 20160803193151 278167 293667063 135
00044 20160803193402 278167 305111634 135
00045 20160803193429 278167 307320272 150
00045 20160803193640 278167 318665297 150
00046 20160803193701 278167 320448505 165
00046 20160803193912 278167 331718572 165
00047 20160803193937 278167 333901470 180
00047 20160803194147 278167 345037475 180
00048 20160803194253 278167 350553365 195
00048 20160803194515 278167 362753595 195
00049 20160803194535 278167 364326963 210
00049 20160803194746 278167 375488966 210
00050 20160803194815 278167 378034863 225
00050 20160803195026 278167 388924583 225
00051 20160803195100 278167 391847802 240
00051 20160803195311 278167 402718404 240
00052 20160803195345 278167 405640110 255
00052 20160803195556 278167 416464440 255
00053 20160803195621 278167 418633735 270
00053 20160803195832 278167 429553201 270
00054 20160803195905 278167 432242169 285
00054 20160803200116 278167 443151565 285
00055 20160803200137 278167 444905413 300
00055 20160803200348 278167 455624926 300
00056 20160803200414 278167 457728222 325
00056 20160803200625 278167 468516501 325
00057 20160803200647 278167 470409723 350
00057 20160803200858 278167 480909343 350
