00078 20181115193707 326776 29423799 10
00078 20181115193918 326776 31907853 10 2484054
00079 20181115194122 326776 34265013 15
00079 20181115194333 326776 36714095 15 2449082
00080 20181115194550 326776 39312228 20
00080 20181115194801 326776 41811041 20 2498813
00081 20181115194939 326776 43668479 25
00081 20181115195150 326776 46139974 25 2471495
00082 20181115195212 326776 46550214 30
00082 20181115195423 326776 49016097 30 2465883
00083 20181115195444 326776 49419036 35
00083 20181115195655 326776 51860910 35 2441874
00084 20181115195714 326776 52228910 40
00084 20181115195925 326776 54732677 40 2503767
00085 20181115200029 326776 55915054 50
00085 20181115200240 326776 58405329 50 2490275
00086 20181115200315 326776 59037420 60
00086 20181115200526 326776 61554960 60 2517540
00087 20181115200655 326776 63247545 70
00087 20181115200906 326776 65741187 70 2493642
00088 20181115201009 326776 66923728 80
00088 20181115201219 326776 69381687 80 2457959
00089 20181115201546 326776 73300507 90
00089 20181115201757 326776 75796680 90 2496173
00090 20181115201833 326776 76436928 105
00090 20181115202044 326776 78951040 105 2514112
00091 20181115202224 326776 80903542 120
00091 20181115202435 326776 83468780 120 2565238
00092 20181115202454 326776 83840413 135
00092 20181115202705 326776 86338055 135 2497642
00093 20181115202739 326776 86986462 150
00093 20181115202950 326776 89533320 150 2546858
00094 20181115203106 326776 90966023 165
00094 20181115203317 326776 93457506 165 2491483
00095 20181115203403 326776 94328470 180
00095 20181115203614 326776 96815581 180 2487111
00096 20181115203842 326776 99443734 200
00096 20181115204053 326776 101787609 200 2343875
00097 20181115204138 326776 102600525 225
00097 20181115204349 326776 104937376 225 2336851
00098 20181115204530 326776 106697037 250
00098 20181115204741 326776 109058589 250 2361552
00099 20181115204913 326776 110709584 275
00099 20181115205124 326776 113024746 275 2315162
00100 20181115205305 326776 114861301 300
00100 20181115205516 326776 117170878 300 2309577
