00030 20170831125018 302131 83852208 10
00030 20170831125229 302131 89811203 10
00031 20170831125315 302131 91973721 20
00031 20170831125550 302131 98936887 20
00032 20170831125629 302131 100738376 30
00032 20170831125840 302131 106596488 30
00033 20170831125958 302131 110144100 40
00033 20170831130209 302131 115966090 40
00034 20170831130243 302131 117437734 50
00034 20170831130455 302131 123247079 50
00035 20170831130526 302131 124651012 60
00035 20170831130737 302131 130414894 60
00036 20170831130857 302131 133878880 75
00036 20170831131108 302131 139584369 75
00037 20170831131214 302131 142426281 90
00037 20170831131425 302131 148044951 90
00038 20170831131457 302131 149390327 105
00038 20170831131708 302131 155029186 105
00039 20170831131757 302131 157072131 120
00039 20170831132008 302131 162685021 120
00040 20170831132048 302131 164308169 135
00040 20170831132259 302131 169826640 135
00041 20170831132347 302131 171904262 150
00041 20170831132558 302131 177376833 150
00042 20170831132650 302131 179524012 165
00042 20170831132901 302131 185025832 165
00043 20170831132940 302131 186607987 180
00043 20170831133151 302131 192020942 180
00044 20170831133220 302131 193259784 195
00044 20170831133431 302131 198662430 195
00045 20170831133519 302131 200614281 210
00045 20170831133731 302131 205929560 210
00046 20170831133756 302131 206969542 225
00046 20170831134007 302131 212234784 225
00047 20170831134042 302131 213688975 240
00047 20170831134253 302131 219031618 240
00048 20170831134329 302131 220501677 255
00048 20170831134540 302131 225825159 255
00049 20170831134617 302131 227249238 270
00049 20170831134828 302131 232464539 270
00050 20170831134917 302131 234421632 285
00050 20170831135128 302131 239635175 285
00051 20170831135154 302131 240650447 300
00051 20170831135405 302131 245861285 300
