001 20171205142000 307593 0 10
001 20171205143900 307593 0 10
002 20171205145700 307601 0 20
002 20171205151900 307601 0 20
003 20171205153300 307605 0 30
003 20171205155500 307605 0 30
004 20171205160700 307609 0 40
004 20171205163000 307609 0 40
005 20171205163700 307616 0 50
005 20171205170200 307616 0 50
006 20171205171100 307622 0 60
006 20171205173000 307622 0 60
007 20171205185400 307639 0 90
007 20171205192100 307639 0 90
008 20171205194100 307646 0 105
008 20171205200200 307646 0 105
009 20171205204500 307656 0 120
009 20171205210400 307656 0 120
010 20171205231000 307670 0 165
010 20171205233800 307670 0 165
011 20171205234900 307674 0 180
011 20171206001400 307674 0 180
012 20171206003900 307679 0 195
012 20171206005900 307679 0 195
013 20171206014300 307687 0 210
013 20171206020100 307687 0 210
