00001 20150821074112 614589487 0C 30 254790
00001 20150821074323 622668964 0C 30 254790
00002 20150821074625 635013328 0C 45 254790
00002 20150821074836 645215553 0C 45 254790
00003 20150821074959 651066920 0C 60 254790
00003 20150821075210 659105657 0C 60 254790
00004 20150821075336 664411978 0C 75 254790
00004 20150821075546 672456573 0C 75 254790
00005 20150821075737 679251246 0C 90 254790
00005 20150821075948 687550529 0C 90 254790
00006 20150821080156 696044204 0C 105 254790
00006 20150821080407 704567686 0C 105 254790
00007 20150821080530 710175470 0C 120 254790
00007 20150821080741 718388160 0C 120 254790
00008 20150821081012 727719429 0C 135 254790
00008 20150821081223 735669432 0C 135 254790
00009 20150821081537 748864359 0C 150 254790
00009 20150821081748 757865761 0C 150 254790
00010 20150821082004 767385176 0C 165 254790
00010 20150821082215 777641680 0C 165 254790
00011 20150821082436 786310204 0C 180 254790
00011 20150821082647 794638665 0C 180 254790
00012 20150821082919 803874497 0C 195 254790
00012 20150821083130 811840190 0C 195 254790
00013 20150821083339 818072029 0C 210 254790
00013 20150821083549 824124426 0C 210 254790
00014 20150821083738 830707613 0C 225 254790
00014 20150821083949 836449504 0C 225 254790
00015 20150821084323 847458688 0C 240 254790
00015 20150821084534 855436078 0C 240 254790
00016 20150821084735 862885439 0C 255 254790
00016 20150821084946 870739210 0C 255 254790
00017 20150821085200 879057559 0C 270 254790
00017 20150821085411 886970805 0C 270 254790
00018 20150821085554 893266220 0C 285 254790
00018 20150821085805 901185297 0C 285 254790
00019 20150821090007 908488252 0C 300 254790
00019 20150821090218 916359241 0C 300 254790
00020 20150821090421 924326483 0C 325 254790
00020 20150821090632 932765583 0C 325 254790
00021 20150821090849 942376428 0C 350 254790
00021 20150821091100 951523229 0C 350 254790
