00001 20180418021835 314574 11325060 10
00001 20180418022046 314574 16758059 10
00002 20180418022313 314574 22880406 15
00002 20180418022523 314574 28380449 15
00003 20180418022806 314574 35132859 20
00003 20180418023017 314574 40612673 20
00004 20180418023220 314574 45817355 25
00004 20180418023431 314574 51274500 25
00005 20180418023758 314574 59941223 30
00005 20180418024009 314574 65389611 30
00006 20180418024209 314574 70438183 35
00006 20180418024420 314574 75806218 35
00007 20180418024619 314574 80853891 40
00007 20180418024829 314574 86299166 40
00008 20180418024947 314574 89506230 50
00008 20180418025158 314574 95027745 50
00009 20180418025337 314574 98248040 60
00009 20180418025548 314574 103705582 60
00010 20180418025709 314574 107077496 70
00010 20180418025920 314574 112506543 70
00011 20180418030101 314574 116764831 80
00011 20180418030311 314574 122197788 80
00012 20180418030449 314574 126266064 90
00012 20180418030700 314574 131694213 90
00013 20180418030852 314574 136458064 105
00013 20180418031103 314574 141863869 105
00014 20180418031335 314574 148190339 120
00014 20180418031545 314574 153647736 120
00015 20180418031944 314574 163738013 135
00015 20180418032155 314574 169159944 135
00016 20180418032431 314574 175677495 150
00016 20180418032641 314574 181073661 150
00017 20180418032852 314574 186512689 165
00017 20180418033102 314574 192046926 165
00018 20180418033307 314574 197227442 180
00018 20180418033518 314574 202683606 180
00019 20180418033656 314574 206770511 200
00019 20180418033907 314574 212231128 200
00020 20180418034155 314574 219345934 225
00020 20180418034406 314574 224723975 225
00021 20180418034643 314574 231291957 250
00021 20180418034853 314574 236735707 250
00022 20180418035049 314574 241537677 275
00022 20180418035259 314574 247011836 275
00023 20180418035534 314574 253455233 300
00023 20180418035744 314574 258931560 300

