00103 20171030120720 305862 218818565 10
00103 20171030120931 305862 230356472 10
00104 20171030121133 305862 240597752 20
00104 20171030121344 305862 251561065 20
00105 20171030121449 305862 256958345 30
00105 20171030121700 305862 267654539 30
00106 20171030121749 305862 272040212 40
00106 20171030122000 305862 283159228 40
00107 20171030122036 305862 286202461 50
00107 20171030122247 305862 297159419 50
00108 20171030122317 305862 299585689 60
00108 20171030122528 305862 310444890 60
00109 20171030122559 305862 312941513 75
00109 20171030122810 305862 323572431 75
00110 20171030122841 305862 326205372 90
00110 20171030123053 305862 337078958 90
00111 20171030123153 305862 342107715 105
00111 20171030123404 305862 352856398 105
00112 20171030123442 305862 355671017 120
00112 20171030123653 305862 365802909 120
00113 20171030123726 305862 368668624 135
00113 20171030123937 305862 379548160 135
00114 20171030124010 305862 382388766 150
00114 20171030124221 305862 392860059 150
00115 20171030124251 305862 395233953 165
00115 20171030124503 305862 405805122 165
00116 20171030124526 305862 407812449 180
00116 20171030124737 305862 418871734 180
00117 20171030124801 305862 420876909 195
00117 20171030125012 305862 431681341 195
00118 20171030125047 305862 434577043 210
00118 20171030125258 305862 445308186 210
00119 20171030125332 305862 448211387 225
00119 20171030125543 305862 459382814 225
00120 20171030125645 305862 464405571 240
00120 20171030125856 305862 475315208 240
00121 20171030125940 305862 479020881 255
00121 20171030130151 305862 490153777 255
00122 20171030130315 305862 496886584 270
00122 20171030130526 305862 507797271 270
00123 20171030130558 305862 510533502 285
00123 20171030130809 305862 521211420 285
00124 20171030130841 305862 523749747 300
00124 20171030131053 305862 534351498 300
