00148 20211029021450 346395 25551353 10
00148 20211029021701 346395 30985537 10
00149 20211029021918 346395 36779039 15
00149 20211029022129 346395 42204819 15
00150 20211029022528 346395 52219435 20
00150 20211029022739 346395 57728305 20
00151 20211029022805 346395 58780816 25
00151 20211029023016 346395 62413288 25
00153 20211029023450 346396 5441746 30
00153 20211029023701 346396 10892029 30
00154 20211029023727 346396 12033035 35
00154 20211029023938 346396 17474367 35
00155 20211029023958 346396 18275713 40
00155 20211029024208 346396 23744991 40
00156 20211029024228 346396 24534057 45
00156 20211029024439 346396 30044717 45
00157 20211029024509 346396 31276443 50
00157 20211029024719 346396 36736394 50
00158 20211029024750 346396 37962066 60
00158 20211029025000 346396 43469234 60
00159 20211029025024 346396 44434091 70
00159 20211029025235 346396 49859498 70
00160 20211029025251 346396 50531293 80
00160 20211029025502 346396 55938544 80
00161 20211029025526 346396 56995916 90
00161 20211029025736 346396 62444665 90
00162 20211029025853 346396 65616029 105
00162 20211029030104 346396 71059328 105
00163 20211029030129 346396 72111400 120
00163 20211029030339 346396 77569972 120
00164 20211029030455 346396 80823295 135
00164 20211029030706 346396 86262476 135
00165 20211029030726 346396 87058138 150
00165 20211029030958 346396 93472276 150
00166 20211029031045 346396 95403695 165
00166 20211029031256 346396 100853932 165
00167 20211029031321 346396 101910893 180
00167 20211029031531 346396 107441896 180
00168 20211029031644 346396 110442277 200
00168 20211029031855 346396 115918071 200
00169 20211029031923 346396 117060901 225
00169 20211029032133 346396 122521111 225
00170 20211029032207 346396 123930747 250
00170 20211029032417 346396 129383837 250
00171 20211029032455 346396 130962278 275
00171 20211029032705 346396 136412373 275
00172 20211029032812 346396 139232910 300
00172 20211029033022 346396 144602663 300
