00007 20221001110755 359691 89460000 10
00007 20221001111006 359691 101063832 10
00008 20221001111114 359691 107406750 15
00008 20221001111324 359691 120015752 15
00009 20221001111358 359691 123146934 20
00009 20221001111609 359691 134286941 20
00010 20221001111641 359691 136897223 25
00010 20221001111851 359691 148209496 25
00011 20221001111921 359691 150625914 30
00011 20221001112132 359691 160455327 30
00012 20221001112200 359691 163018712 35
00012 20221001112411 359691 173881953 35
00013 20221001112458 359691 177805854 40
00013 20221001112709 359691 189639008 40
00014 20221001112750 359691 193255105 50
00014 20221001113001 359691 204565495 50
00015 20221001113042 359691 208409973 60
00015 20221001113253 359691 220066494 60
00016 20221001113328 359691 222409973 70
00016 20221001113539 359691 222607043 70
00017 20221001121423 359693 232088664 70
00017 20221001121634 359693 241062176 70
00018 20221001121710 359693 244004262 80
00018 20221001121920 359693 254704588 80
00019 20221001122002 359693 257998917 90
00019 20221001122213 359693 268675211 90
00020 20221001122300 359693 272597701 105
00020 20221001122511 359693 283124954 105
00021 20221001122549 359693 286234083 120
00021 20221001122800 359693 296805346 120
00022 20221001122839 359693 300122526 135
00022 20221001123050 359693 310585219 135
00023 20221001123131 359693 313880493 150
00023 20221001123342 359693 324241591 150
00024 20221001123419 359693 327313705 165
00024 20221001123630 359693 337588677 165
00025 20221001123721 359693 341759610 180
00025 20221001123932 359693 352025078 180
00026 20221001124008 359693 354879856 200
00026 20221001124218 359693 364975653 200
00027 20221001124252 359693 367609349 225
00027 20221001124505 359693 378043273 225
00028 20221001124550 359693 381617878 250
00028 20221001124800 359693 391436377 250
00029 20221001124845 359693 394840957 275
00029 20221001125056 359693 404925926 275
00030 20221001125140 359693 408493414 300
00030 20221001125351 359693 418484067 300
