00094 20201120100613 338731 100855 10
00094 20201120101014 338731 219969 10 119114
00095 20201120101156 338731 270776 15
00095 20201120101556 338731 388780 15 118004
00096 20201120101751 338731 446496 20
00096 20201120102152 338731 564981 20 118485
00097 20201120102427 338731 640586 25
00097 20201120102827 338731 760050 25 119464
00098 20201120103130 338731 849619 30
00098 20201120103532 338731 969076 30 119457
00099 20201120103911 338731 1077039 35
00099 20201120104311 338731 1195808 35 118769
00100 20201120104450 338731 1244615 40
00100 20201120104850 338731 1362739 40 118124
00101 20201120105137 338731 1445325 50
00101 20201120105537 338731 1564727 50 119402
00102 20201120105848 338731 1659092 60
00102 20201120110249 338731 1776845 60 117753
00103 20201120110443 338731 1833311 70
00103 20201120110843 338731 1951903 70 118592
00104 20201120111221 338731 2059345 80
00104 20201120111621 338731 2177395 80 118050
00105 20201120111743 338731 2217724 90
00105 20201120112143 338731 2336677 90 118953
00106 20201120112551 338731 2458781 105
00106 20201120112951 338731 2578290 105 119509
00107 20201120113109 338731 2616090 120
00107 20201120113510 338731 2735615 120 119525
00108 20201120113732 338731 2804621 135
00108 20201120114132 338731 2923987 135 119366
00109 20201120114415 338731 3004067 150
00109 20201120114815 338731 3122784 150 118717
00110 20201120115034 338731 3191637 165
00110 20201120115434 338731 3309597 165 117960
00111 20201120115933 338731 3457875 180
00111 20201120120334 338731 3576219 180 118344
00112 20201120120742 338731 3697641 200
00112 20201120121142 338731 3816592 200 118951
00113 20201120121312 338731 3861411 225
00113 20201120121712 338731 3980355 225 118944
00114 20201120122004 338731 4064777 250
00114 20201120122404 338731 4183419 250 118642
00115 20201120122659 338731 4269387 275
00115 20201120123100 338731 4385721 275 116334
00116 20201120123624 338731 4543083 300
00116 20201120124025 338731 4661473 300 118390
