00027 20190321103858 328691 584943 10
00027 20190321104259 328691 632568 10 47625
00028 20190321104458 328691 656492 15
00028 20190321104859 328691 704230 15 47738
00029 20190321105509 328691 777657 20
00029 20190321105910 328691 825480 20 47823
00030 20190321110121 328691 851684 25
00030 20190321110521 328691 899240 25 47556
00031 20190321110810 328691 932711 30
00031 20190321111211 328691 980574 30 47863
00032 20190321111333 328691 997052 35
00032 20190321111733 328691 1045123 35 48071
00033 20190321112028 328691 1079425 40
00033 20190321112429 328691 1127277 40 47852
00034 20190321112728 328691 1163100 45
00034 20190321113129 328691 1211092 45 47992
00035 20190321113324 328691 1233964 50
00035 20190321113725 328691 1281468 50 47504
00036 20190321113948 328691 1310070 60
00036 20190321114349 328691 1357766 60 47696
00037 20190321114626 328691 1389268 70
00037 20190321115027 328691 1437008 70 47740
00038 20190321115209 328691 1457455 80
00038 20190321115610 328691 1505090 80 47635
00039 20190321115838 328691 1534408 90
00039 20190321120239 328691 1582600 90 48192
00040 20190321120514 328691 1613157 105
00040 20190321120915 328691 1661181 105 48024
00041 20190321121148 328691 1691524 120
00041 20190321121549 328691 1739365 120 47841
00042 20190321121829 328691 1771213 135
00042 20190321122230 328691 1819072 135 47859
00043 20190321122619 328691 1864432 150
00043 20190321123020 328691 1912228 150 47796
00044 20190321123305 328691 1945352 165
00044 20190321123706 328691 1992995 165 47643
00045 20190321123840 328691 2008985 180
00045 20190321124241 328691 2056778 180 47793
00046 20190321124449 328691 2082464 200
00046 20190321124850 328691 2130324 200 47860
00047 20190321125045 328691 2153078 225
00047 20190321125446 328691 2200975 225 47897
switched off TIB plus 1.5.1.1
00048 20190321125628 328691 2221557 250
00048 20190321130029 328691 2269165 250 47608
00049 20190321130256 328691 2296971 275
00049 20190321130656 328691 2344619 275 47648
00050 20190321130905 328691 2370225 300
00050 20190321131306 328691 2418141 300 47916
