001 20171205152000 307593 0 10
001 20171205153900 307593 0 10
002 20171205155700 307601 0 20
002 20171205161900 307601 0 20
003 20171205163300 307605 0 30
003 20171205165500 307605 0 30
004 20171205170700 307609 0 40
004 20171205173000 307609 0 40
005 20171205173700 307616 0 50
005 20171205180200 307616 0 50
006 20171205181100 307622 0 60
006 20171205183000 307622 0 60
007 20171205195400 307639 0 90
007 20171205202100 307639 0 90
008 20171205204100 307646 0 105
008 20171205210200 307646 0 105
009 20171205214500 307656 0 120
009 20171205220400 307656 0 120
010 20171206001000 307670 0 165
010 20171206003800 307670 0 165
011 20171206004900 307674 0 180
011 20171206011400 307674 0 180
012 20171206013900 307679 0 195
012 20171206015900 307679 0 195
013 20171206024300 307687 0 210
013 20171206030100 307687 0 210
