001 20171205142900 307593 0 10
001 20171205143900 307593 0 10
002 20171205150900 307601 0 20
002 20171205151900 307601 0 20
003 20171205154500 307605 0 30
003 20171205155500 307605 0 30
004 20171205162000 307609 0 40
004 20171205163000 307609 0 40
005 20171205165100 307616 0 50
005 20171205170100 307616 0 50
006 20171205172000 307622 0 60
006 20171205173000 307622 0 60
007 20171205190700 307639 0 90
007 20171205191700 307639 0 90
008 20171205195200 307646 0 105
008 20171205200200 307646 0 105
009 20171205205400 307656 0 120
009 20171205210400 307656 0 120
010 20171205232600 307670 0 165
010 20171205233600 307670 0 165
011 20171206000200 307674 0 180
011 20171206001200 307674 0 180
012 20171206004900 307679 0 195
012 20171206005900 307679 0 195
013 20171206015100 307687 0 210
013 20171206020100 307687 0 210
