00051 20190920112012 331595 53494 10
00051 20190920112412 331595 101326 10 47832
00052 20190920112533 331595 117135 20
00052 20190920112933 331595 165088 20 47953
00053 20190920113307 331595 207726 15
00053 20190920113708 331595 255503 15 47777
00054 20190920113920 331595 281996 25
00054 20190920114321 331595 329754 25 47758
00055 20190920114523 331595 353664 30
00055 20190920114924 331595 401517 30 47853
00056 20190920115034 331595 415901 35
00056 20190920115435 331595 463278 35 47377
00057 20190920115548 331595 478101 40
00057 20190920115949 331595 526194 40 48093
00058 20190920120117 331595 543715 50
00058 20190920120518 331595 591271 50 47556
00059 20190920120638 331595 607229 60
00059 20190920121038 331595 654960 60 47731
00060 20190920121223 331595 675734 70
00060 20190920121624 331595 723426 70 47692
00061 20190920121914 331595 757548 80
00061 20190920122314 331595 805219 80 47671
00062 20190920122436 331595 821143 90
00062 20190920122836 331595 869223 90 48080
00063 20190920123021 331595 889710 105
00063 20190920123421 331595 937897 105 48187
00064 20190920123533 331595 952124 120
00064 20190920123933 331595 999394 120 47270
00065 20190920124107 331595 1018093 135
00065 20190920124508 331595 1065980 135 47887
00066 20190920124624 331595 1081408 150
00066 20190920125025 331595 1128906 150 47498
00067 20190920125241 331595 1156126 165
00067 20190920125641 331595 1203991 165 47865
00068 20190920125811 331595 1221491 180
00068 20190920130212 331595 1269385 180 47894
00069 20190920130324 331595 1283760 200
00069 20190920130725 331595 1332043 200 48283
00070 20190920130856 331595 1349635 225
00070 20190920131256 331595 1397533 225 47898
00071 20190920131426 331595 1415759 250
00071 20190920131827 331595 1463345 250 47586
00072 20190920132027 331595 1487203 275
00072 20190920132428 331595 1535157 275 47954
00073 20190920132630 331595 1559595 300
00073 20190920133031 331595 1606997 300 47402
