00024 20180611164106 317683 169567577 10
00024 20180611164317 317683 178035983 10 8468406
00025 20180611164457 317683 184515550 15
00025 20180611164707 317683 192881017 15 8365467
00026 20180611164718 317683 193522444 20
00026 20180611164929 317683 201865665 20 8343221
00027 20180611164956 317683 203588818 25
00027 20180611165207 317683 211852258 25 8263440
00028 20180611165218 317683 212638628 30
00028 20180611165428 317683 220789065 30 8150437
00029 20180611165437 317683 221420039 35
00029 20180611165648 317683 229614093 35 8194054
00030 20180611165658 317683 230249077 40
00030 20180611165909 317683 238372714 40 8123637
00031 20180611165932 317683 239809605 50
00031 20180611170142 317683 247859674 50 8050069
00032 20180611170218 317683 250137373 60
00032 20180611170429 317683 257800414 60 7663041
00033 20180611170559 317683 263414965 70
00033 20180611170810 317683 270240125 70 6825160
00034 20180611170829 317683 271504889 80
00034 20180611171040 317683 277058854 80 5553965
00035 20180611171057 317683 278051079 90
00035 20180611171307 317683 281309620 90 3258541
00036 20180611171330 317683 282166648 90
00036 20180611171541 317683 287705246 90 5538598
00037 20180611171605 317683 289210196 105
00037 20180611171816 317683 297172566 105 7962370
00038 20180611171834 317683 298263323 120
00038 20180611172045 317683 306201343 120 7938020
00039 20180611172105 317683 307571888 135
00039 20180611172315 317683 315475470 135 7903582
00040 20180611172336 317683 316684784 150
00040 20180611172546 317683 324642027 150 7957243
00041 20180611172601 317683 325516601 165
00041 20180611172811 317683 333435122 165 7918521
00042 20180611172824 317683 334217014 180
00042 20180611173035 317683 342126339 180 7909325
00043 20180611173051 317683 343056092 200
00043 20180611173301 317683 352526999 200 9470907
00044 20180611173315 317683 353473010 225
00044 20180611173525 317683 362984866 225 9511856
00045 20180611173547 317683 364604373 250
00045 20180611173757 317683 374085195 250 9480822
00046 20180611173817 317683 375410808 275
00046 20180611174027 317683 384875893 275 9465085
00047 20180611174047 317683 386288339 300
00047 20180611174258 317683 395676478 300 9388139
