00001 20180419235435 314755 48722607 10
00001 20180419235646 314755 52734020 10 4011413
00002 20180419235925 314755 57550822 15
00002 20180420000136 314755 61604417 15 4053595
00003 20180420000318 314755 64699571 20
00003 20180420000529 314755 68735462 20 4035891
00004 20180420000811 314755 73725914 25
00004 20180420001022 314755 77757914 25 4032000
00005 20180420001219 314755 81364964 30
00005 20180420001430 314755 85417866 30 4052902
00006 20180420001619 314755 88745911 35
00006 20180420001830 314755 92758834 35 4012923
00007 20180420002010 314755 95877831 40
00007 20180420002222 314755 99910527 40 4032696
00008 20180420002439 314755 104134127 50
00008 20180420002650 314755 108122274 50 3988147
00009 20180420002838 314755 111419668 60
00009 20180420003049 314755 115456424 60 4036756
00010 20180420003237 314755 118778750 70
00010 20180420003448 314755 122779562 70 4000812
00011 20180420003802 314755 128072917 80
00011 20180420004013 314755 132138087 80 4065170
00012 20180420004139 314755 134723275 90
00012 20180420004350 314755 138743968 90 4020693
00013 20180420004541 314755 142234546 105
00013 20180420004752 314755 146232527 105 3997981
00014 20180420004944 314755 149664625 120
00014 20180420005154 314755 152810696 120 3146071
00015 20180420005848 314755 165516778 135
00015 20180420010059 314755 169547257 135 4030479
00016 20180420010242 314755 172728202 150
00016 20180420010453 314755 176737464 150 4009262
00017 20180420010808 314755 182692437 165
00017 20180420011019 314755 186691251 165 3998814
00018 20180420011233 314755 190823531 180
00018 20180420011443 314755 194867237 180 4043706
00019 20180420011645 314755 198636361 200
00019 20180420011856 314755 202625430 200 3989069
00020 20180420012114 314755 206843720 225
00020 20180420012325 314755 210934131 225 4090411
00021 20180420012556 314755 215581583 250
00021 20180420012807 314755 219553390 250 3971807
00022 20180420013118 314755 225102657 275
00022 20180420013329 314755 229128745 275 4026088
00023 20180420013513 314755 232321515 300
00023 20180420013724 314755 236328415 300 4006900
