00002 20120405142454 1652553 2357292C 350 1904459
00002 20120405142755 3985750 4384226C 350 1904459
00003 20120405143033 6037321 6166145C 325 190459
00003 20120405143333 8366090 8191104C 325 190459
00004 20120405143623 10578325 10096562C 300 190459
00004 20120405143923 12885028 12121492C 300 190459
00005 20120405145337 902674 1927276C 285 190462
00005 20120405145637 3316141 3952444C 285 190462
00006 20120405150042 3481799 133996C 285 190465
00006 20120405150342 5659415 2158879C 285 190465
00007 20120405150628 6789984 4023366C 270 190465
00007 20120405150928 9384059 6048529C 270 190465
00008 20120405151145 11341346 7586665C 255 190465
00008 20120405151445 13937679 9611632C 255 190465
00009 20120405151835 16009500 12200493C 240 190465
00009 20120405152135 18583401 14225852C 240 190465
00010 20120405152337 20330047 15598859C 225 190465
00010 20120405152637 22904795 17624103C 225 190465
00011 20120405152834 23629550 18942461C 210 190465
00011 20120405153135 26194715 20967644C 210 190465
00012 20120405153323 27742306 22190983C 195 190465
00012 20120405153623 30302661 24216190C 195 190465
00013 20120405153755 31606150 25250966C 180 190465
00013 20120405154056 34143632 27276214C 180 190465
00014 20120405154250 35748596 28559892C 165 190465
00014 20120405154550 37485150 30585004C 165 190465
00015 20120405203748 2277000 1472127C 165 190490
00015 20120405204048 6892493 3501939C 165 190490
00016 20120405204241 9724072 4766563C 150 190490
00016 20120405204541 14273887 6791806C 150 190490
00017 20120405204720 16698844 7908829C 135 190490
00017 20120405205020 21288465 9933897C 135 190490
00018 20120405205224 24421481 11319625C 120 190490
00018 20120405205524 28883923 13344912C 120 190490
00019 20120405205706 31455847 14493893C 105 190490
00019 20120405210006 35978425 16519194C 105 190490
00020 20120405210156 38663756 17757576C 90 190490
00020 20120405210456 43141314 19782846C 90 190490
00021 20120405210647 45861982 21035427C 75 190490
00021 20120405210948 50284863 23060612C 75 190490
00022 20120405211120 52561110 24099508C 60 190490
00022 20120405211420 56998377 26124519C 60 190490
00023 20120405211618 59805678 27452963C 45 190490
00023 20120405211918 64227076 29478214C 45 190490
00024 20120405212055 66600052 30568527C 30 190490
00024 20120405212355 70910645 32593711C 30 190490