00001 20111012125813 694296069 148939028C 300 178367
00001 20111012130013 700001875 150290954C 300 178367
00002 20111012130345 710017897 152668719C 350 178367
00002 20111012130545 715691198 154020494C 350 178367
00003 20111012130739 721070377 155302589C 325 178367
00003 20111012130939 726725434 156654787C 325 178367
00004 20111012131101 730566787 157576490C 285 178367
00004 20111012131302 736203769 158928856C 285 178367
00005 20111012131450 741282716 160149710C 270 178367
00005 20111012131650 746889516 161501900C 270 178367
00006 20111012131744 749403798 162108020C 255 178367
00006 20111012131944 755004043 163459852C 255 178367
00007 20111012132123 759608579 164573573C 240 178367
00007 20111012132324 765185572 165925915C 240 178367
00008 20111012132357 766735362 166301767C 225 178367
00008 20111012132557 772297037 167653950C 225 178367
00009 20111012132710 775541486 168476030C 210 178367
00009 20111012132911 781083396 169829193C 210 178367
00010 20111012132957 783199777 170345694C 195 178367
00010 20111012133157 788733725 171697546C 195 178367
00011 20111012133230 790231250 172064190C 180 178367
00011 20111012133430 795752837 173416264C 180 178367
00012 20111012133454 796852883 173685276C 165 178367
00012 20111012133654 802364384 175037387C 165 178367
00013 20111012133737 804315546 175517752C 150 178367
00013 20111012133937 809804504 176870153C 150 178367
00014 20111012134037 812543994 177545600C 135 178367
00014 20111012134237 818011798 178897717C 135 178367
00015 20111012134325 820190594 179436781C 120 178367
00015 20111012134525 825657459 180788964C 120 178367
00016 20111012134604 827425272 181227970C 105 178367
00016 20111012134805 832859339 182580187C 105 178367
00017 20111012134852 835005192 183113853C 90 178367
00017 20111012135052 840432726 184465939C 90 178367
00018 20111012135111 841275316 184675982C 75 178367
00018 20111012135311 846686160 186028157C 75 178367
00019 20111012135431 850284734 186926574C 60 178367
00019 20111012135631 855688583 188278820C 60 178367
00020 20111012135702 857051881 188620140C 45 178367
00020 20111012135902 862440149 189972330C 45 178367
00021 20111012135942 864217548 190418396C 30 178367
00021 20111012140142 869601662 191771065C 30 178367