00001 20120728152747 199198727 44328837C 350 199832
00001 20120728153347 222795020 48379804C 350 199832
00002 20120728153505 227833464 49252471C 325 199832
00002 20120728154105 250926267 53303626C 325 199832
00003 20120728154224 255034646 54193567C 300 199832
00003 20120728154824 274506407 58244515C 300 199832
00004 20120728154920 277211280 58874146C 285 199832
00004 20120728155520 296706758 62925215C 285 199832
00005 20120728155632 300218848 63734235C 270 199832
00005 20120728160233 319364541 67785667C 270 199832
00006 20120728160332 322190117 68457085C 255 199832
00006 20120728160933 340539152 72508259C 255 199832
00007 20120728161119 346900574 73709783C 240 199832
00007 20120728161720 352286562 77760916C 240 199832
00008 20120728162347 367877384 3037402C 240 199833
00008 20120728162947 388438717 7088505C 240 199833
00009 20120728163130 394213110 8248518C 225 199833
00009 20120728163730 413460749 12299499C 225 199833
00010 20120728163906 418807692 13378558C 210 199833
00010 20120728164506 438668840 17429831C 210 199833
00011 20120728164602 441727280 18057559C 195 199833
00011 20120728165203 461264903 22108758C 195 199833
00012 20120728165329 465880747 23076242C 180 199833
00012 20120728165929 485061082 27127552C 180 199833
00013 20120728165956 486489757 27431565C 165 199833
00013 20120728170556 505014247 31483913C 165 199833
00014 20120728170711 508917716 32319441C 150 199833
00014 20120728171311 527700389 36370413C 150 199833
00015 20120728171446 532655916 37446176C 135 199833
00015 20120728172047 551199678 41497226C 135 199833
00016 20120728172129 553341201 41968137C 120 199833
00016 20120728172729 571642701 46019254C 120 199833
00017 20120728172812 573812967 46502148C 105 199833
00017 20120728173412 591863173 50553431C 105 199833
00018 20120728173514 594967271 51252142C 90 199833
00018 20120728174115 612857977 55303273C 90 199833
00019 20120728174142 614210480 55611138C 75 199833
00019 20120728174742 631271109 59662604C 75 199833
00020 20120728174822 633211677 60109657C 60 199833
00020 20120728175422 650665151 64160667C 60 199833
00021 20120728175454 652180786 64514177C 45 199833
00021 20120728180054 669319013 68565296C 45 199833
00022 20120728180118 670446252 68831377C 30 199833
00022 20120728180719 687594247 72893675C 30 199833
