00028 20180923133919 323374 7933487 10
00028 20180923134130 323374 15199010 10
00029 20180923134307 323374 20576582 15
00029 20180923134518 323374 27872211 15
00030 20180923134643 323374 32664082 20
00030 20180923134854 323374 39982150 20
00031 20180923135047 323374 46212063 25
00031 20180923135257 323374 53516966 25
00032 20180923135439 323374 59198431 30
00032 20180923135650 323374 66396916 30
00033 20180923135800 323374 70363102 35
00033 20180923140011 323374 77651268 35
00034 20180923140137 323374 82455960 40
00034 20180923140348 323374 89750756 40
00035 20180923140505 323374 94117326 50
00035 20180923140715 323374 101404344 50
00036 20180923140851 323374 106692078 60
00036 20180923141102 323374 113954423 60
00037 20180923141238 323374 119403501 70
00037 20180923141449 323374 126533983 70
00038 20180923141623 323374 131874508 80
00038 20180923141834 323374 139142330 80
00039 20180923141954 323374 143533577 90
00039 20180923142205 323374 150817786 90
00040 20180923142353 323374 156870433 105
00040 20180923142604 323374 164142935 105
00041 20180923142803 323374 170771758 120
00041 20180923143014 323374 176255437 120
00042 20180923143523 323375 8451733 135
00042 20180923143733 323375 15718515 135
00043 20180923143851 323375 20112943 150
00043 20180923144102 323375 27291913 150
00044 20180923144839 323376 7657171 165
00044 20180923145050 323376 14803319 165
00045 20180923150211 323377 5214765 180
00045 20180923150422 323377 8647368 180
00046 20180923150943 323378 4640996 200
00046 20180923151154 323378 11552456 200
00047 20180923204154 323394 5895002 150
00047 20180923204404 323394 10449941 150
00048 20180923205234 323395 5851565 165
00048 20180923205445 323395 9329866 165
00049 20180923205631 323395 14281956 180
00049 20180923205842 323395 18450185 180
00050 20180923210008 323395 22494353 200
00050 20180923210218 323395 27009096 200
00051 20180923210416 323395 32623152 225
00051 20180923210627 323395 37346031 225
00052 20180923210746 323395 41063161 250
00052 20180923210957 323395 45554248 250
00053 20180923211149 323395 49502634 275
00053 20180923211359 323395 55571665 275
00054 20180923211536 323395 58506050 300
00054 20180923211747 323395 64593190 300

