00001 20160423002905 8471990   8471990   350  271056
00001 20160423003116 13851825  13851825  350  271056
00002 20160423003715 28638404  28638404  325  271056
00002 20160423003926 34084148  34084148  325  271056
00003 20160423004333 44314800  44314800  300  271056
00003 20160423004544 49765165  49765165  300  271056
00004 20160423004855 53896443  53896443  285  271056
00004 20160423005106 59362879  59362879  285  271056
00005 20160423005347 65966290  65966290  270  271056
00005 20160423005557 71333063  71333063  270  271056
00006 20160423010003 78496582  78496582  255  271056
00006 20160423010214 83949809  83949809  255  271056
00007 20160423010317 86552829  86552829  240  271056
00007 20160423010528 91994114  91994114  240  271056
00008 20160423010716 96475718  96475718  225  271056
00008 20160423010927 101899807 101899807 225  271056
00009 20160423011157 106397906 106397906 210  271056
00009 20160423011408 111791513 111791513 210  271056
00010 20160423011614 117067480 117067480 195  271056
00010 20160423011825 122479071 122479071 195  271056
00011 20160423012002 126501707 126501707 180  271056
00011 20160423012213 131959493 131959493 180  271056
00012 20160423012428 137506440 137506440 165  271056
00012 20160423012639 142871228 142871228 165  271056
00013 20160423012830 147451429 147451429 150  271056
00013 20160423013041 152859583 152859583 150  271056
00014 20160423013209 156426124 156426124 135  271056
00014 20160423013420 161867254 161867254 135  271056
00015 20160423013545 165350023 165350023 120  271056
00015 20160423013755 170796578 170796578 120  271056
00016 20160423013919 174202304 174202304 105  271056
00016 20160423014130 179667045 179667045 105  271056
00017 20160423014257 183330830 183330830 90   271056
00017 20160423014509 188688962 188688962 90   271056
00018 20160423014635 192256097 192256097 75   271056
00018 20160423014845 197707900 197707900 75   271056
00019 20160423014950 200154473 200154473 60   271056
00019 20160423015201 200154473 200154473 60   271056
00020 20160423015309 202238897 202238897 60   271056
00020 20160423015521 207657453 207657453 60   271056
00021 20160423015752 213908777 213908777 45   271056
00021 20160423020003 219248207 219248207 45   271056
00022 20160423020106 221888086 221888086 30   271056
00022 20160423020317 227301123 227301123 30   271056
