00101 20181118235447 326883 25286156 10
00101 20181118235658 326883 28296241 10 3010085
00102 20181118235705 326883 28457420 10
00102 20181118235916 326883 31464284 10 3006864
00103 20181118235932 326883 31844880 10
00103 20181119000143 326883 34839585 10 2994705
00104 20181119000146 326883 34894740 10
00104 20181119000357 326883 37870269 10 2975529
00105 20181119000432 326883 38673355 15
00105 20181119000643 326883 41599341 15 2925986
00106 20181119000646 326883 41654020 15
00106 20181119000857 326883 44626920 15 2972900
00107 20181119000900 326883 44679638 15
00107 20181119001112 326883 47606025 15 2926387
00108 20181119001120 326883 47817118 15
00108 20181119001331 326883 50739531 15 2922413
00109 20181119001356 326883 51264006 20
00109 20181119001607 326883 54188862 20 2924856
00110 20181119001616 326883 54347765 20
00110 20181119001827 326883 57243866 20 2896101
00111 20181119001834 326883 57404457 20
00111 20181119002045 326883 60327288 20 2922831
00112 20181119002136 326883 61443196 20
00112 20181119002347 326883 64310811 20 2867615
00113 20181119002610 326883 67421977 25
00113 20181119002821 326883 70280095 25 2858118
00114 20181119002834 326883 70592707 25
00114 20181119003045 326883 73470154 25 2877447
00115 20181119003148 326883 74822665 25
00115 20181119003359 326883 77667199 25 2844534
00116 20181119003406 326883 77825923 25
00116 20181119003617 326883 80660413 25 2834490
00117 20181119003626 326883 80868088 30
00117 20181119003837 326883 83709928 30 2841840
00118 20181119003852 326883 84027212 30
00118 20181119004103 326883 86916448 30 2889236
00119 20181119004113 326883 87124627 30
00119 20181119004324 326883 89983113 30 2858486
00120 20181119004720 326883 95059443 30
00120 20181119004931 326883 97888257 30 2828814
00121 20181119005737 326883 108301243 35
00121 20181119005949 326883 111128131 35 2826888
00122 20181119010230 326883 114590564 35
00122 20181119010442 326883 117383186 35 2792622
00123 20181119010444 326883 117435880 35
00123 20181119010655 326883 120260101 35 2824221
00124 20181119010712 326883 120622929 40
00124 20181119010923 326883 123412892 40 2789963
00125 20181119011015 326883 124555267 40
00125 20181119011226 326883 127332148 40 2776881
00126 20181119011634 326884 46436 40
00126 20181119011845 326884 3019026 40 2972590
00127 20181119011942 326884 4246378 50
00127 20181119012153 326884 7109105 50 2862727
00128 20181119012524 326884 11607406 50
00128 20181119012735 326884 14145798 50 2538392
00129 20181119012751 326884 14492854 50
00129 20181119013002 326884 0 50 -14492854
00130 20181119013157 326885 920063 50
00130 20181119013408 326885 3704218 50 2784155
00131 20181119013428 326885 4119969 60
00131 20181119013640 326885 6979746 60 2859777
00132 20181119013706 326885 7534108 60
00132 20181119013917 326885 10352271 60 2818163
00133 20181119013932 326885 10654215 70
00133 20181119014143 326885 13332545 70 2678330
00134 20181119014147 326885 13423731 70
00134 20181119014358 326885 15453694 70 2029963
00135 20181119014538 326885 16923821 80
00135 20181119014749 326885 19464246 80 2540425
00136 20181119014801 326885 19658636 80
00136 20181119015013 326885 21472664 80 1814028
00137 20181119015424 326885 0 90
00137 20181119015636 326886 1182205 90 1182205
00138 20181119015658 326886 1491527 90
00138 20181119015909 326886 4008382 90 2516855
00139 20181119020024 326886 5614415 105
00139 20181119020235 326886 8454985 105 2840570
00140 20181119020314 326886 9331496 105
00140 20181119020525 326886 12081101 105 2749605
00141 20181119020558 326886 12673348 120
00141 20181119020809 326886 15106133 120 2432785
00142 20181119020826 326886 15427877 135
00142 20181119021037 326886 17904789 135 2476912
00143 20181119021055 326886 18163043 150
00143 20181119021306 326886 20659490 150 2496447
00144 20181119021354 326886 21557884 165
00144 20181119021606 326886 23897970 165 2340086
00145 20181119021638 326886 24310990 180
00145 20181119021849 326886 26328094 180 2017104
00146 20181119022055 326886 27918292 200
00146 20181119022306 326886 29555590 200 1637298
00147 20181119022332 326886 29818521 200
00147 20181119022544 326886 30780211 200 961690
00148 20181119022618 326886 31035249 225
00148 20181119022830 326886 31609452 225 574203
00149 20181119022854 326886 31824241 225
00149 20181119023105 326886 33486760 225 1662519
00150 20181119023139 326886 33920112 250
00150 20181119023350 326886 0 250 -33920112
00151 20181119023504 326887 1188778 250
00151 20181119023716 326887 3757189 250 2568411
00152 20181119023741 326887 4267212 275
00152 20181119023952 326887 6848029 275 2580817
00153 20181119024028 326887 7552515 300
00153 20181119024240 326887 10126595 300 2574080
00154 20181119024404 326887 11793643 60
00154 20181119024615 326887 14312416 60 2518773
00155 20181119024725 326887 15674153 70
00155 20181119024937 326887 18149998 70 2475845
00156 20181119025014 326887 18862097 80
00156 20181119025226 326887 21345506 80 2483409
00157 20181119025303 326887 22053959 90
00157 20181119025514 326887 24469436 90 2415477
