00001 20160706112258 276437 2479782982 15
00001 20160706112509 276437 2489873540 15
00002 20160706112551 276437 2492661217 30
00002 20160706112802 276437 2502637938 30
00003 20160706112831 276437 2504883381 45
00003 20160706113042 276437 2514779112 45
00004 20160706113058 276437 2516163390 60
00004 20160706113309 276437 2526039056 60
00005 20160706113326 276437 2527248762 75
00005 20160706113537 276437 2537193040 75
00006 20160706113552 276437 2538236434 90
00006 20160706113803 276437 2548204773 90
00007 20160706113830 276437 2550261998 105
00007 20160706114041 276437 2560061230 105
00008 20160706114100 276437 2561425588 120
00008 20160706114311 276437 2571271034 120
00009 20160706114326 276437 2572298664 135
00009 20160706114537 276437 2582211502 135
00010 20160706114555 276437 2583551857 150
00010 20160706114806 276437 2592854706 150
00011 20160706114823 276437 2594207496 165
00011 20160706115034 276437 2603983247 165
00012 20160706115049 276437 2605020066 180
00012 20160706115300 276437 2614849028 180
00013 20160706115319 276437 2616232889 195
00013 20160706115529 276437 2625881793 195
00014 20160706115549 276437 2627390955 210
00014 20160706115800 276437 2637077021 210
00015 20160706115820 276437 2638602062 225
00015 20160706120031 276437 2648360516 225
00016 20160706120105 276437 2650734886 240
00016 20160706120316 276437 2656663770 240
00017 20160706120331 276437 2656751928 255
00017 20160706120542 276437 2660894495 255
00018 20160706120558 276437 2662087236 270
00018 20160706120809 276437 2671662471 270
00019 20160706120846 276437 2674306239 285
00019 20160706121056 276437 2683867240 285
00020 20160706121111 276437 2684871625 300
00020 20160706121321 276437 2694597770 300
00021 20160706121357 276437 2697233044 325
00021 20160706121608 276437 2706748541 325
00022 20160706121637 276437 2708972887 350
00022 20160706121848 276437 2718460186 350
