00034 20230609132953 368669 130760076 10
00034 20230609133203 368669 143861803 10
00035 20230609133846 368669 183768179 15
00035 20230609134057 368669 197577855 15
00036 20230609134412 368669 217874145 20
00036 20230609134623 368669 230117554 20
00037 20230609134727 368669 236390857 25
00037 20230609134938 368669 249611007 25
00038 20230609135044 368669 256236423 30
00038 20230609135255 368669 269593638 30
00001 20230609135506 368669 282838702 35
00001 20230609135717 368669 295518686 35
00002 20230609135915 368669 307461083 40
00002 20230609140126 368669 319627177 40
00003 20230609140310 368669 329994622 50
00003 20230609140521 368669 343177556 50
00004 20230609140606 368669 347892939 60
00004 20230609140817 368669 360097527 60
00006 20230609140911 368669 365483501 70
00006 20230609141121 368669 378378253 70
00007 20230609141205 368669 382734718 80
00007 20230609141416 368669 395724183 80
00008 20230609141453 368669 399387194 90
00008 20230609141704 368669 412089785 90
00009 20230609141755 368669 417226530 105
00009 20230609142006 368669 429006160 105
00010 20230609142050 368669 433408991 120
00010 20230609142301 368669 446593538 120
00011 20230609142327 368669 449309544 135
00011 20230609142538 368669 462383443 135
00012 20230609142634 368669 467864876 150
00012 20230609142844 368669 480995833 150
00013 20230609142919 368669 484426677 165
00013 20230609143129 368669 496603938 165
00014 20230609143218 368669 501526698 180
00014 20230609143429 368669 514564277 180
00015 20230609143500 368669 517731534 200
00015 20230609143711 368669 531022075 200
00016 20230609143746 368669 534491551 225
00016 20230609143957 368669 547809241 225
00017 20230609144047 368669 552752237 250
00017 20230609144258 368669 566024611 250
00018 20230609144337 368669 569971163 275
00018 20230609144548 368669 583205482 275
00019 20230609144619 368669 586381601 300
00019 20230609144830 368669 599209838 300
