00081 20170924034552 303824 190814085 10
00081 20170924034823 303824 199786452 10 8972367
00082 20170924035023 303824 201450285 20
00082 20170924035234 303824 208536792 20 7086507
00083 20170924035409 303824 209085706 30
00083 20170924035620 303824 216288369 30 7202663
00084 20170924035740 303824 216836884 40
00084 20170924035951 303824 223826234 40 6989350
00085 20170924040113 303824 224505006 50
00085 20170924040324 303824 231574673 50 7069667
00086 20170924040519 303824 232367511 60
00086 20170924040730 303824 238474422 60 6106911
00087 20170924040907 303824 239125418 75
00087 20170924041118 303824 245766563 75 6641145
00088 20170924041246 303824 246164586 90
00088 20170924041457 303824 252709348 90 6544762
00089 20170924041638 303824 253224514 105
00089 20170924041849 303824 259879454 105 6654940
00090 20170924042019 303824 260385269 120
00090 20170924042230 303824 266842108 120 6456839
00091 20170924042411 303824 267457274 135
00091 20170924042621 303824 272674563 135 5217289
00092 20170924042849 303824 274775018 150
00092 20170924043059 303824 281533586 150 6758568
00093 20170924043236 303824 281896990 165
00093 20170924043447 303824 288421888 165 6524898
00094 20170924043628 303824 288904788 180
00094 20170924043839 303824 295269579 180 6364791
00095 20170924044016 303824 295648439 195
00095 20170924044227 303824 302466333 195 6817894
00096 20170924044414 303824 302958117 210
00096 20170924044625 303824 309657786 210 6699669
00097 20170924044800 303824 310272542 225
00097 20170924045011 303824 316954729 225 6682187
00098 20170924045152 303824 317335373 240
00098 20170924045403 303824 324082858 240 6747485
00099 20170924045549 303824 324450786 255
00099 20170924045759 303824 331212766 255 6761980
00100 20170924050000 303824 331957028 270
00100 20170924050211 303824 338539097 270 6582069
00101 20170924050400 303824 339033364 285
00101 20170924050611 303824 345436631 285 6403267
00102 20170924050817 303824 347458865 300
00102 20170924051028 303824 354018087 300 6559222
