00001 20230407161759 365843 462809211 10
00001 20230407162031 365843 470364795 10
00002 20230407162340 365843 479708978 15
00002 20230407162611 365843 487309888 15
00003 20230407162757 365843 491790110 20
00003 20230407163037 365843 499740298 20
00004 20230407163154 365843 503542907 25
00004 20230407163425 365843 511020868 25
00005 20230407163542 365843 514825735 30
00005 20230407163814 365843 522336779 30
00006 20230407163923 365843 525809141 35
00006 20230407164154 365843 533323003 35
00007 20230407164308 365843 537038179 40
00007 20230407164540 365843 544476749 40
00008 20230407164724 365843 548273633 50
00008 20230407164955 365843 555724465 50
00009 20230407165151 365843 560137591 60
00009 20230407165423 365843 567723163 60
00010 20230407165530 365843 569632486 70
00010 20230407165802 365843 577100597 70
00011 20230407165946 365843 580855391 80
00011 20230407170217 365843 588347520 80
00012 20230407170332 365843 591051226 90
00012 20230407170604 365843 598605579 90
00013 20230407170825 365843 603705200 105
00013 20230407171057 365843 611103636 105
00014 20230407171232 365843 613801419 120
00014 20230407171504 365843 621265131 120
00015 20230407171618 365843 622275550 135
00015 20230407171849 365843 629738568 135
00016 20230407172035 365843 632917739 150
00016 20230407172306 365843 640465030 150
00017 20230407172438 365843 642997060 165
00017 20230407172710 365843 650496343 165
00018 20230407173008 365843 657167626 180
00018 20230407173239 365843 664775494 180
00019 20230407173402 365843 666828856 200
00019 20230407173634 365843 674221045 200
00020 20230407173904 365843 679706264 225
00020 20230407174135 365843 687256822 225
00021 20230407174309 365843 689746395 250
00021 20230407174540 365843 697334426 250
00022 20230407174725 365843 700268509 275
00022 20230407174956 365843 707698104 275
00023 20230407175450 365843 720342417 300
00023 20230407175722 365843 727848828 300