00015 20220605075355 353060 0 10
00015 20220605075606 353060 1 10
00016 20220605075914 353060 0 15
00016 20220605080125 353060 1 15
00017 20220605080247 353060 0 20
00017 20220605080457 353060 1 20
00018 20220605080635 353060 0 25
00018 20220605080846 353060 1 25
00019 20220605081037 353060 0 30
00019 20220605081248 353060 1 30
00020 20220605081419 353060 0 35
00020 20220605081630 353060 1 35
00021 20220605081750 353060 0 40
00021 20220605082001 353060 1 40
00022 20220605082146 353060 0 50
00022 20220605082357 353060 1 50
00023 20220605082523 353060 0 60
00023 20220605082733 353060 1 60
00024 20220605084438 353060 0 70
00024 20220605084649 353060 1 70
00025 20220605085548 353060 0 90
00025 20220605085759 353060 1 90
00026 20220605090020 353060 0 80
00026 20220605090231 353060 1 80
00027 20220605090536 353060 0 105
00027 20220605090747 353060 1 105
00028 20220605090936 353060 0 120
00028 20220605091147 353060 1 120
00029 20220605091425 353060 0 135
00029 20220605091636 353060 1 135
00030 20220605091943 353060 0 150
00030 20220605092153 353060 1 150
00031 20220605092511 353060 0 165
00031 20220605092721 353060 1 165
00032 20220605092901 353060 0 180
00032 20220605093111 353060 1 180
00033 20220605093240 353060 0 200
00033 20220605093450 353060 1 200
00034 20220605093648 353060 0 225
00034 20220605093858 353060 1 225
00035 20220605094115 353060 0 250
00035 20220605094325 353060 1 250
00036 20220605094609 353060 0 275
00036 20220605094819 353060 1 275
00037 20220605095536 353060 0 300
00037 20220605095747 353060 1 300
