00055 20181018070558 324841 1638385067 10
00055 20181018070809 324841 1648536389 10 10151322
00056 20181018070904 324841 1653436481 15
00056 20181018071115 324841 1664731918 15 11295437
00057 20181018071130 324841 1666040742 20
00057 20181018071340 324841 1677482009 20 11441267
00058 20181018071404 324841 1679566943 25
00058 20181018071615 324841 1690871164 25 11304221
00059 20181018071708 324841 1695470728 30
00059 20181018071918 324841 1706694581 30 11223853
00060 20181018071937 324841 1708412911 35
00060 20181018072147 324841 1719540415 35 11127504
00061 20181018072204 324841 1720992208 40
00061 20181018072414 324841 1732084972 40 11092764
00062 20181018072455 324841 1735640517 50
00062 20181018072705 324841 1746867126 50 11226609
00063 20181018072727 324841 1748529922 60
00063 20181018072938 324841 1759784653 60 11254731
00064 20181018073000 324841 1761616236 70
00064 20181018073211 324841 1772706395 70 11090159
00065 20181018073244 324841 1775418069 80
00065 20181018073455 324841 1786398174 80 10980105
00066 20181018073517 324841 1788202000 90
00066 20181018073728 324841 1799190332 90 10988332
00067 20181018073755 324841 1801406762 105
00067 20181018074006 324841 1812283737 105 10876975
00068 20181018074049 324841 1815929228 120
00068 20181018074300 324841 1826782342 120 10853114
00069 20181018074351 324841 1830989308 135
00069 20181018074602 324841 1841745111 135 10755803
00070 20181018074635 324841 1844373515 150
00070 20181018074846 324841 1855130211 150 10756696
00071 20181018074931 324841 1858927603 165
00071 20181018075143 324841 1869618827 165 10691224
00072 20181018075221 324841 1872751519 180
00072 20181018075431 324841 1883281671 180 10530152
00073 20181018075452 324841 1884992308 200
00073 20181018075703 324841 1895457481 200 10465173
00074 20181018075727 324841 1897401539 225
00074 20181018075938 324841 1907980023 225 10578484
00075 20181018080038 324841 1912844410 250
00075 20181018080249 324841 1923357480 250 10513070
00076 20181018080731 324841 1945797504 275
00076 20181018080941 324841 1955987277 275 10189773
00077 20181018081010 324841 1958279962 300
00077 20181018081221 324841 1968610051 300 10330089
