00076 20200903101723 337160 1295757 10
00076 20200903102124 337160 1413645 10 117888
00077 20200903103553 337160 1842808 15
00077 20200903103953 337160 1961628 15 118820
00078 20200903104643 337160 2162914 20
00078 20200903105043 337160 2281424 20 118510
00079 20200903105528 337160 2422103 25
00079 20200903105928 337160 2541327 25 119224
00080 20200903110315 337160 2653007 30
00080 20200903110715 337160 2771945 30 118938
00081 20200903111009 337160 2857354 35
00081 20200903111409 337160 2975383 35 118029
00082 20200903112132 337160 3194307 40
00082 20200903112532 337160 3312803 40 118496
00083 20200903113452 337160 3587283 50
00083 20200903113853 337160 3706193 50 118910
00084 20200903114534 337160 3904286 60
00084 20200903114935 337160 4023129 60 118843
00085 20200903121102 337160 4658130 70
00085 20200903121502 337160 4777386 70 119256
00086 20200903122306 337160 5014832 80
00086 20200903122706 337160 5133894 80 119062
00087 20200903122911 337160 5195447 90
00087 20200903123312 337160 5315309 90 119862
00088 20200903123607 337160 5401068 105
00088 20200903124007 337160 5518880 105 117812
00089 20200903124615 337160 5701765 120
00089 20200903125016 337160 5820280 120 118515
00090 20200903125451 337160 5956474 135
00090 20200903125851 337160 6073866 135 117392
00091 20200903130111 337160 6142192 150
00091 20200903130511 337160 6262202 150 120010
00092 20200903131423 337160 6533376 165
00092 20200903131823 337160 6651835 165 118459
