00001 20111027193057 19250349 3750074C 300 180076
00001 20111027193257 28780909 5100331C 300 180076
00002 20111027193328 31259282 5451876C 350 180076
00002 20111027193528 40736309 6802255C 350 180076
00003 20111027193614 44363495 7316847C 325 180076
00003 20111027193814 54282344 8667395C 325 180076
00004 20111027193934 60948905 9562084C 285 180076
00004 20111027194134 71001951 10912427C 285 180076
00005 20111027194219 74755500 11418840C 270 180076
00005 20111027194419 84812609 12769151C 270 180076
00006 20111027194453 87666225 13153720C 255 180076
00006 20111027194653 97637388 14503990C 255 180076
00007 20111027194712 99203663 14715187C 240 180076
00007 20111027194912 109120745 16065387C 240 180076
00008 20111027194946 111931442 16449437C 225 180076
00008 20111027195146 121782562 17799726C 225 180076
00009 20111027195235 125779329 18349144C 210 180076
00009 20111027195435 135587329 19699430C 210 180076
00010 20111027195503 137850195 20010542C 195 180076
00010 20111027195703 147613750 21360716C 195 180076
00011 20111027195742 150801655 21799849C 180 180076
00011 20111027195942 160541170 23150066C 180 180076
00012 20111027200016 163327722 23536083C 165 180076
00012 20111027200216 173035629 24886354C 165 180076
00013 20111027200307 177145542 25459835C 150 180076
00013 20111027200507 186808708 26810162C 150 180076
00014 20111027200530 188617337 27061942C 135 180076
00014 20111027200730 198221426 28412124C 135 180076
00015 20111027200801 200707283 28760291C 120 180076
00015 20111027201001 210285922 30110616C 120 180076
00016 20111027201038 213241836 30527738C 105 180076
00016 20111027201238 222762468 31877934C 105 180076
00017 20111027201313 225515825 32268339C 90 180076
00017 20111027201513 234987991 33618591C 90 180076
00018 20111027201559 238637709 34138802C 75 180076
00018 20111027201759 248039549 35489474C 75 180076
00019 20111027201853 252202370 36091196C 60 180076
00019 20111027202053 261549125 37441633C 60 180076
00020 20111027202122 263825209 37772343C 45 180076
00020 20111027202322 273116974 39122532C 45 180076
00021 20111027202357 275781237 39508587C 30 180076
00021 20111027202557 285035317 40858892C 30 180076
