00051 20161116145123 285371 45711319 15
00051 20161116145444 285371 50896590 15
00052 20161116145704 285371 54528208 30
00052 20161116150025 285371 59726975 30
00053 20161116150148 285371 61901080 45
00053 20161116150509 285371 67150244 45
00054 20161116150538 285371 67874288 60
00054 20161116150859 285371 73062250 60
00055 20161116150932 285371 73968332 75
00055 20161116151253 285371 79140900 75
00056 20161116151331 285371 80102544 90
00056 20161116151652 285371 85342670 90
00057 20161116151732 285371 86363784 105
00057 20161116152053 285371 91600330 105
00058 20161116152116 285371 92144402 120
00058 20161116152437 285371 97351716 120
00059 20161116152506 285371 98077511 135
00059 20161116152827 285371 103305339 135
00060 20161116152851 285371 103902873 150
00060 20161116153212 285371 109085411 150
00061 20161116153319 285371 110825941 165
00061 20161116153640 285371 115989220 165
00062 20161116153800 285371 118090248 180
00062 20161116154122 285371 123273000 180
00063 20161116154323 285371 126439486 195
00063 20161116154645 285371 131606327 195
00064 20161116154717 285371 132442052 210
00064 20161116155038 285371 137657614 210
00065 20161116155100 285371 138257102 225
00065 20161116155422 285371 143389284 225
00066 20161116155454 285371 144226660 240
00066 20161116155815 285371 149397011 240
00067 20161116155926 285371 151257234 255
00067 20161116160248 285371 156455367 255
00068 20161116160321 285371 157292487 270
00068 20161116160642 285371 162499873 270
00069 20161116160737 285371 163878779 285
00069 20161116161058 285371 169083247 285
00070 20161116161136 285371 170043168 300
00070 20161116161458 285371 175243223 300
00071 20161116161757 285371 179851623 325
00071 20161116162119 285371 185071387 325
00072 20161116162201 285371 186139655 350
00072 20161116162523 285371 191275565 350
