310 125.358
320 93.6122
330 112.791
340 127.47
369120277 116.897
369120278 115.828
369120281 116.363
369120282 106.894
369120285 115.945
369120286 105.839
369120293 110.657
369120294 115.038
369120297 118.493
369120298 108.559
369120301 114.63
369120302 86.9928
369120309 110.522
369120310 122.754
369120313 115.478
369120314 115.434
369120317 107.102
369120318 115.008
369120325 118.903
369120326 134.288
369120329 113.955
369120330 114.062
369120333 127.807
369120334 125.94
369120341 115.007
369120342 115.258
369120345 103.741
369120346 99.9405
369120349 119.104
369120350 104.403
369120357 98.2458
369120358 106.109
369120361 109.587
369120362 111.834
369120365 101.968
369120366 118.542
369120373 105.294
369120374 116.704
369120377 100.827
369120378 104.986
369120381 103.398
369120382 106.462
369120389 110.073
369120390 129.321
369120393 105.662
369120394 108.49
369120397 106.755
369120398 87.0043
369120405 99.1247
369120406 104.716
369120409 104.566
369120410 96.6911
369120413 87.1818
369120414 116.021
369120421 115.075
369120422 109.811
369120425 104.262
369120426 109.175
369120429 112.918
369120430 87.2982
369120437 123.939
369120438 109.348
369120441 107.789
369120442 104.969
369120445 104.653
369120446 87.4192
369120453 117.8
369120454 111.892
369120457 57.7778
369120458 117.988
369120461 114.39
369120462 87.4807
369120469 120.754
369120470 123.471
369120473 106.204
369120474 107.057
369120477 106.456
369120478 104.305
369120485 124.607
369120486 114.65
369120489 130.47
369120490 106.066
369120493 120.101
369120494 112.944
369120501 100.293
369120502 110.598
369120505 106.046
369120506 113.676
369120509 126.875
369120510 107.229
369120517 117.773
369120518 112.965
369120521 108.341
369120522 107.637
369120525 87.8302
369120526 113.027
369120533 106.337
369120534 106.052
369120537 128.828
369120538 114.182
369120541 113.161
369120542 116.35
369120629 120.859
369120630 123.791
369120633 112.344
369120634 109.302
369120637 119.863
369120638 113.309
369120645 115.616
369120646 112.414
369120649 103.325
369120650 108.281
369120653 116.041
369120654 109.375
369120661 109.243
369120662 111.164
369120665 103.876
369120666 108.182
369120669 116.573
369120670 118.322
369120677 132.115
369120678 136.498
369120681 134.298
369120682 120.999
369120685 135.937
369120686 126.452
369121301 57.8194
369121302 57.7052
369121305 75.6256
369121306 57.067
369121309 87.6948
369121310 120.871
369121317 122.225
369121318 139.635
369121321 134.443
369121322 131.275
369121325 122.558
369121326 121.169
369121333 38.1752
369121334 137.385
369121337 72.8591
369121338 90.2902
369121341 121.745
369121342 119.784
369121365 81.1801
369121366 107.357
369121369 116.197
369121370 116.251
369121373 117.013
369121374 115.501
369121381 82.8376
369121382 91.962
369121385 128.874
369121386 122.101
369121389 102.531
369121390 122.804
369121397 118.463
369121398 140.952
369121401 119.405
369121402 116.537
369121405 117.873
369121406 122.938
369121413 131.39
369121414 57.7014
369121417 72.4885
369121418 115.969
369121421 134.337
369121422 134.264
369121429 137.461
369121430 126.222
369121433 127.331
369121434 123.923
369121437 133.411
369121438 127.318
369121445 90.2127
369121446 93.2829
369121449 123.719
369121450 120.888
369121453 132.167
369121454 117.57
369121461 123.52
369121462 120.59
369121465 141.074
369121466 116.723
369121469 124.639
369121470 121.087
369121477 85.4137
369121478 88.64
369121481 119.891
369121482 119.73
369121485 145.34
369121486 102.179
369121493 134.984
369121494 121.556
369121497 125.69
369121498 132.472
369121501 125.952
369121502 123.114
369121509 91.1924
369121510 111.411
369121513 86.2272
369121514 89.2722
369121517 72.8301
369121518 87.57
369121525 129.741
369121526 139.494
369121529 90.8675
369121530 83.0618
369121533 134.383
369121534 119.684
369121541 139.812
369121542 134.552
369121545 124.761
369121546 127.64
369121549 38.448
369121550 72.8455
369121557 134.627
369121558 120.465
369121561 121.502
369121562 127.802
369121565 133.968
369121566 135.969
369121573 138.233
369121574 143.173
369121577 133.018
369121578 132.806
369121581 132.385
369121582 126.769
369121589 137.057
369121590 124.929
369121593 124.929
369121594 120.192
369121597 122.379
369121598 131.483
369121605 135.025
369121606 134.283
369121609 121.861
369121610 117.147
369121613 88.0051
369121614 130.408
369121621 125.241
369121622 138.851
369121625 134.519
369121626 125.047
369121629 134.058
369121630 132.122
369121637 127.468
369121638 135.843
369121641 123.446
369121642 138.235
369121645 124.849
369121646 132.895
369121653 124.577
369121654 27.8352
369121657 134.776
369121658 134.246
369121661 101.918
369121662 133.497
369121669 134.076
369121670 123.847
369121673 117.536
369121674 123.654
369121677 135.316
369121678 131.807
369121685 135.059
369121686 138.288
369121689 125.938
369121690 126.354
369121693 123.719
369121694 123.446
369121701 126.201
369121702 129.214
369121705 90.5467
369121706 107.66
369121709 122.308
369121710 131.652
369121717 126.864
369121718 120.637
369121721 118.78
369121725 87.9093
369121726 107.103
369121733 117.454
369121734 122.575
369121737 123.541
369121738 124.216
369121741 120.249
369121742 122.808
369121749 108.995
369121750 122.786
369121753 123.021
369121754 125.179
369121757 120.078
369121758 122.252
369121765 115.241
369121766 120.216
369121769 113.439
369121770 122.039
369121773 119.424
369121774 127.461
369124373 115.708
369124374 134.354
369124377 97.6452
369124378 106.47
369124381 128.933
369124382 112.796
369124389 118.759
369124390 119.981
369124393 36.1142
369124394 112.244
369124397 82.3619
369124398 96.4735
369124405 110.036
369124406 100.816
369124409 118.388
369124410 114.049
369124413 83.797
369124414 112.786
369124421 110.903
369124422 153.578
369124425 107.845
369124426 108.115
369124429 131.156
369124430 111.713
369124437 101.956
369124438 100.242
369124441 102.723
369124442 104.253
369124445 119.971
369124446 100.052
369124453 102.637
369124454 93.5973
369124457 107.036
369124458 101.16
369124461 116.388
369124462 100.656
369124469 116.919
369124470 118.908
369124473 86.949
369124474 105.517
369124477 135.213
369124478 115.855
369124485 118.595
369124486 119.22
369124489 121.59
369124490 112.323
369124493 117.628
369124494 115.434
369124501 118.93
369124502 114.47
369124505 115.085
369124506 101.349
369124509 116.58
369124510 116.024
369124517 111.453
369124518 119.752
369124521 112.318
369124522 109.688
369124525 117.129
369124526 116.674
369124533 119.725
369124534 97.5139
369124537 119.591
369124538 87.2978
369124541 116.897
369124542 101.654
369124549 113.439
369124550 103.049
369124553 57.3002
369124554 128.323
369124557 117.307
369124558 116.839
369124565 107.576
369124566 93.4063
369124569 102.395
369124570 102.075
369124573 534.701
369124574 116.912
369124581 104.769
369124582 111.276
369124585 127.823
369124586 103.87
369124589 116.192
369124590 116.011
369124597 112.852
369124598 114.289
369124601 110.985
369124602 108.532
369124605 116.355
369124606 116.149
369124613 113.454
369124614 102.302
369124617 118.795
369124618 118.759
369124621 113.936
369124622 116.592
369124629 111.989
369124630 117.985
369124633 115.034
369124634 107.558
369124637 131.08
369124638 101.299
369124645 136.191
369124646 138.804
369124649 130.942
369124650 127.532
369124653 99.7451
369124654 113.661
369124661 123.003
369124662 125.533
369124665 128.422
369124666 140.481
369124669 133.588
369124670 111.853
369124677 134.861
369124678 135.511
369124681 109.492
369124682 110.75
369124685 113.351
369124686 127.09
369124693 115.661
369124694 113.962
369124697 121.514
369124698 116.913
369124701 112.711
369124702 112.729
369124709 127.987
369124710 121.406
369124713 117.578
369124714 111.732
369124717 112.566
369124718 112.315
369124725 119.967
369124726 113.804
369124729 113.49
369124730 112.342
369124733 113.908
369124734 113.489
369124741 109.391
369124742 105.3
369124745 117.275
369124746 104.07
369124749 128.691
369124750 128.402
369124757 112.794
369124758 126.678
369124761 99.9614
369124762 99.6265
369124765 98.8174
369124766 113.257
369124773 84.3821
369124774 116.031
369124777 98.1247
369124778 85.8574
369124781 114.127
369124782 98.8713
369125397 156.117
369125401 139.69
369125405 141.445
369125413 139.266
369125414 141.052
369125417 131.465
369125418 140.94
369125421 132.249
369125422 122.416
369125429 140.178
369125430 144.777
369125433 131.307
369125434 135.818
369125437 128.849
369125438 122.385
369125445 134.307
369125446 148.699
369125449 133.79
369125450 121.155
369125453 147.504
369125454 138.928
369125461 27.8629
369125462 147.635
369125465 110.476
369125466 123.774
369125469 147.834
369125470 100.68
369125477 123.34
369125478 139.278
369125481 38.2265
369125482 104.471
369125485 135.259
369125486 121.019
369125493 133.476
369125494 136.374
369125497 135.319
369125498 152.157
369125501 140.086
369125502 130.197
369125509 131.776
369125510 139.25
369125513 117.923
369125514 122.53
369125517 138.86
369125518 145.406
369125525 131.954
369125526 145.474
369125529 140.567
369125530 135.043
369125533 140.4
369125534 136.164
369125541 128.162
369125542 117.769
369125545 38.3725
369125546 134.051
369125549 136.023
369125550 131.979
369125557 38.5644
369125558 139.47
369125561 135.168
369125562 132.665
369125565 139.222
369125566 134.341
369125573 101.502
369125574 124.487
369125577 122.128
369125578 138.379
369125581 134.384
369125582 132.973
369125589 124.747
369125590 138.376
369125593 133.492
369125594 133.279
369125597 136.822
369125605 83.9546
369125606 58.0689
369125609 135.848
369125610 137.674
369125613 138.128
369125614 133.622
369125621 141.681
369125622 127.169
369125625 136.545
369125626 136.31
369125629 117.314
369125630 132.041
369125637 139.721
369125638 151.843
369125641 128.261
369125642 125.921
369125645 141.677
369125653 154
369125654 146.346
369125657 135.203
369125658 131.323
369125661 132.43
369125662 133.629
369125669 137.739
369125670 145.897
369125673 133.125
369125674 137.286
369125677 140.363
369125678 135.376
369125685 119.313
369125686 132.995
369125689 134.512
369125690 133.655
369125693 159.793
369125701 141.137
369125702 136.828
369125705 138.655
369125706 121.807
369125709 123.271
369125710 57.6339
369125717 123.145
369125718 131.051
369125721 138.092
369125722 130.68
369125725 123.068
369125726 131.205
369125749 132.569
369125750 151.323
369125753 136.478
369125754 137.266
369125757 141.145
369125758 133.907
369125765 144.564
369125766 139.281
369125769 135.213
369125770 139.003
369125773 116.267
369125774 137.079
369125781 134.947
369125782 119.454
369125785 134.529
369125797 139.972
369125798 163.096
369125801 135.709
369125802 134.928
369125805 131.645
369125806 130.852
369125813 121.334
369125814 154.531
369125817 131.219
369125818 134.729
369125821 100.542
369125822 114.974
369125829 138.435
369125830 134.463
369125833 138.246
369125834 137.243
369125837 114.61
369125838 153.408
369125845 139.459
369125846 136.531
369125849 134.638
369125850 135.705
369125853 129.272
369125854 128.626
369125862 137.887
369125866 125.055
369125870 125.195
369136661 83.862
369136662 28.3043
369136665 85.5133
369136666 57.8314
369136669 73.1661
369136670 48.0306
369136677 100.946
369136678 37.9305
369136681 57.9953
369136682 37.7981
369136685 88.0121
369136686 57.9388
369136693 57.4548
369136694 72.1309
369136697 88.6711
369136698 47.5966
369136701 72.8581
369136702 47.7337
369136709 103.545
369136710 72.69
369136713 38.1293
369136714 27.8013
369136717 47.5831
369136718 57.0266
369136733 58.0318
369136734 57.639
369136741 88.1007
369136742 57.9688
369136745 57.7782
369136746 47.5047
369136749 87.8622
369136750 47.7108
369136757 88.0469
369136758 72.792
369136761 57.9214
369136762 47.5993
369136765 47.3329
369136766 71.7757
369136773 38.3069
369136774 57.998
369136777 87.9487
369136778 87.6782
369136781 72.5206
369136782 57.1605
369136789 59.6648
369136790 27.9322
369136793 57.6697
369136794 47.4931
369136797 102.722
369136798 102.574
369136805 116.331
369136806 146.673
369136809 87.6764
369136810 57.4194
369136813 47.7793
369136814 57.5718
369136821 107.281
369136822 72.293
369136825 58.0203
369136826 72.6423
369136829 127.786
369136830 102.479
369136837 110.43
369136838 87.4141
369136841 88.6025
369136842 48.0047
369136845 102.297
369136846 47.3753
369136853 99.9472
369136854 95.6099
369136857 102.764
369136858 87.944
369136861 48.1997
369136862 47.7841
369136869 109.299
369136870 37.5039
369136873 125.33
369136874 72.8803
369136877 125.783
369136878 102.574
369136885 58.376
369136886 58.0921
369136889 129.339
369136890 87.9942
369136893 87.7726
369136894 102.511
369136901 73.1205
369136902 206.621
369136905 105.989
369136906 102.605
369136910 102.984
369136917 87.9418
369136918 47.8723
369136921 28.5302
369136922 38.2886
369136925 88.0454
369136926 102.92
369136933 48.3475
369136934 48.14
369136937 73.1925
369136938 58.1245
369136941 103.06
369136942 73.1363
369136949 89.3399
369136950 88.2311
369136953 48.2686
369136954 48.0853
369136957 58.1093
369136958 72.9139
369136965 73.3046
369136966 58.1675
369136969 107.999
369136970 47.9779
369136973 48.4307
369136974 73.0002
369136981 58.4124
369136982 38.3411
369136985 88.3402
369136986 58.2701
369136989 88.0654
369136990 87.9794
369136997 73.3412
369136998 48.2863
369137001 73.2481
369137002 48.1572
369137005 102.972
369137006 73.0361
369137013 37.186
369137014 36.8742
369137017 86.8552
369137018 47.4728
369137021 47.3728
369137022 87.1334
369137029 37.9334
369137030 27.6074
369137033 82.569
369137034 37.207
369137037 72.2547
369137038 37.2847
369137045 27.3853
369137046 27.0832
369137049 57.597
369137050 37.5014
369137053 72.4805
369137054 57.4983
369137061 108.024
369137062 25.4941
369137065 37.1153
369137066 16.8618
369137069 71.8295
369137070 56.6909
369137077 69.9535
369137078 44.522
369137081 27.1818
369137082 36.6423
369137085 86.1321
369137086 55.909
369137093 111.239
369137094 35.8602
369137097 37.4148
369137098 71.3705
369137101 84.9489
369137102 54.8421
369137109 36.2538
369137110 25.5468
369137113 57.532
369137114 37.4423
369137117 114.698
369137118 46.4863
369137125 110.829
369137126 88.1455
369137129 28.622
369137130 28.2429
369137133 102.981
369137134 72.9001
369137141 38.5742
369137142 48.2181
369137145 72.9211
369137146 72.6122
369137149 88.0504
369137150 72.9342
369137157 100.553
369137158 88.2624
369137161 105.998
369137162 73.0034
369137165 58.0609
369137166 72.6971
369137173 73.3476
369137174 58.1446
369137177 58.2709
369137178 48.004
369137181 102.775
369137182 57.772
369137189 73.1038
369137190 38.0539
369137193 38.38
369137194 48.0517
369137197 103.071
369137198 87.9558
369137685 28.6961
369137686 48.5285
369137689 38.3728
369137690 28.2037
369137693 148.777
369137694 166.159
369137701 58.2674
369137702 38.1784
369137705 38.0043
369137706 72.7286
369137709 72.7769
369137710 72.575
369137717 57.9144
369137718 37.9727
369137721 88.1057
369137722 80.0542
369137725 57.8877
369137726 57.6005
369137733 28.3917
369137734 28.1827
369137737 73.1369
369137738 73.0736
369137742 72.667
369137749 119.251
369137750 57.7411
369137753 73.1584
369137754 72.9256
369137757 50.63
369137758 27.7841
369137765 38.4328
369137766 38.2544
369137769 38.4853
369137770 81.1465
369137773 116.94
369137774 110.279
369137781 116.413
369137782 110.536
369137785 118.379
369137786 87.8721
369137789 102.88
369137790 72.5967
369137797 48.4488
369137798 58.4052
369137801 107.334
369137802 114.007
369137805 57.587
369137806 114.224
369137813 72.5707
369137814 72.5004
369137817 37.7639
369137818 47.6221
369137821 119.89
369137822 118.108
369137829 73.4705
369137830 73.4603
369137833 73.495
369137834 121.598
369137837 48.0872
369137838 114.839
369137845 150.86
369137846 151.741
369137849 153.126
369137850 153.362
369137853 145.113
369137854 146.917
369137861 166.328
369137862 158.968
369137865 151.587
369137866 153.32
369137869 102.931
369137870 115.383
369137877 73.5943
369137878 150.407
369137881 156.132
369137882 154.031
369137885 155.403
369137886 158.167
369137893 156.692
369137894 156.334
369137897 153.149
369137898 149.054
369137901 158.275
369137902 153.354
369137909 150.528
369137910 150.706
369137913 144.626
369137914 151.628
369137917 103.317
369137918 129.022
369137925 148.47
369137926 155.25
369137929 156.334
369137930 156.634
369137933 158.618
369137934 159.329
369137941 162.958
369137942 160.139
369137945 152.969
369137946 152.938
369137949 151.022
369137950 164.281
369137957 181.278
369137958 163.7
369137961 150.769
369137962 159.775
369137965 155.401
369137966 153.954
369137973 115.184
369137974 107.398
369137977 163.638
369137978 151.059
369137981 147.339
369137982 151.137
369137989 116.597
369137990 157.222
369137993 156.879
369137994 58.7183
369137997 163.427
369137998 152.498
369138005 90
369138006 58.4243
369138009 90
369138010 73.3925
369138013 125.818
369138014 72.7604
369138021 114.257
369138022 103.549
369138025 116.169
369138026 135.598
369138029 115.541
369138030 103.156
369138037 112.916
369138038 73.6775
369138041 88.7229
369138042 73.636
369138045 108.579
369138046 87.9793
369138053 117.674
369138054 118.714
369138057 119.964
369138058 121.165
369138061 134.715
369138062 88.254
369138069 38.5425
369138070 18.5151
369138073 28.5054
369138074 28.3621
369138077 72.9216
369138078 47.6762
369138085 118.741
369138086 117.58
369138089 118.432
369138090 121.197
369138093 87.6708
369138094 47.846
369138101 73.5275
369138102 108.592
369138105 48.6914
369138106 28.6475
369138109 102.319
369138110 125.596
369138117 59.5198
369138118 28.6273
369138121 136.229
369138122 116.53
369138125 72.4692
369138126 72.234
369138133 66.53
369138134 38.6419
369138137 58.5942
369138138 67.8164
369138141 48.1291
369138142 72.9244
369138149 28.5096
369138150 82.232
369138153 63.7427
369138154 58.4641
369138157 48.3636
369138158 72.4768
369138165 66.9843
369138166 28.544
369138169 76.6756
369138170 66.2676
369138173 106.405
369138174 58.1212
369138181 18.3664
369138182 28.2994
369138185 72.2168
369138186 28.5722
369138189 48.085
369138190 57.863
369138197 0
369138198 27.6809
369138201 66.8017
369138202 38.2427
369138205 72.9822
369138206 47.9628
369138213 48.6704
369138214 58.6154
369138217 88.4178
369138218 73.319
369138221 48.3676
369138222 28.3881
369138245 138.348
369138246 124.848
369138249 103.403
369138250 119.853
369138253 103.038
369138254 112.724
369140837 107.125
369140838 57.5268
369140841 72.9235
369140842 37.7049
369140845 72.8639
369140846 37.7358
369140853 47.9351
369140854 37.5309
369140857 87.9594
369140858 57.6033
369140861 72.9431
369140862 47.7555
369140869 28.8226
369140873 98.4014
369140874 57.9981
369140877 88.4451
369140878 73.1609
369140885 58.2136
369140886 28.0549
369140889 88.0354
369140890 57.7682
369140893 107.001
369140894 57.9461
369140901 57.9586
369140902 47.7314
369140905 48.1796
369140906 47.8418
369140909 88.0352
369140910 57.8147
369140917 88.1937
369140918 57.9256
369140921 88.1981
369140922 58.0277
369140925 98.4433
369140926 57.557
369140933 48.0778
369140934 27.8472
369140937 88.1592
369140938 58.0289
369140941 57.8236
369140942 47.6043
369140949 106.81
369140950 73.0679
369140953 48.1865
369140954 47.9774
369140957 73.2502
369140958 58.0543
369140965 100.982
369140966 48.0965
369140969 58.3909
369140970 48.0995
369140973 88.3043
369140974 88.0903
369140981 96.3796
369140982 48.0652
369140985 38.3884
369140986 38.1248
369140989 58.1238
369140990 37.9268
369140997 73.3402
369140998 73.0382
369141001 103.238
369141002 103.087
369141005 88.3337
369141006 88.1254
369141013 120.842
369141014 48.207
369141017 112.107
369141018 57.9183
369141021 103.165
369141022 87.8153
369141029 38.2543
369141030 37.9676
369141033 110.366
369141034 88.3723
369141037 73.0986
369141038 47.9498
369141045 58.4389
369141046 38.4763
369141049 110.155
369141050 88.1723
369141053 118.188
369141054 102.944
369141061 18.6077
369141062 18.3871
369141065 58.4962
369141066 48.3684
369141069 58.0118
369141070 47.7879
369141077 105.365
369141078 48.362
369141081 107.2
369141082 73.2379
369141085 88.1395
369141086 47.9772
369141093 38.436
369141094 38.1446
369141097 48.6632
369141098 48.4807
369141101 130.803
369141102 57.8239
369141109 37.1646
369141110 16.9469
369141113 111.104
369141114 46.6357
369141117 47.0367
369141118 46.6357
369141125 47.5059
369141126 27.2608
369141129 111.465
369141130 56.991
369141133 87.0731
369141134 86.8132
369141141 108.315
369141142 26.9274
369141145 110.939
369141146 86.1625
369141149 108.164
369141150 36.7455
369141157 47.1617
369141158 37.0232
369141161 71.9855
369141162 86.6406
369141165 86.9038
369141166 71.7305
369141173 116.979
369141174 35.8431
369141177 36.1097
369141178 45.3981
369141181 71.6539
369141182 71.3259
369141189 106.14
369141190 34.5438
369141193 35.9063
369141194 35.2006
369141197 112.297
369141198 69.9346
369141205 54.1096
369141206 23.9812
369141209 54.6915
369141210 34.7195
369141213 70.6217
369141214 35.2696
369141221 37.5334
369141226 46.829
369141229 130.089
369141237 107.752
369141238 45.7898
369141241 71.0002
369141242 70.5207
369141245 85.8146
369141246 55.6716
369141253 104.979
369141254 55.5686
369141257 129.062
369141258 70.3949
369141261 85.8455
369141262 55.5686
369141269 105.418
369141270 124.028
369141273 55.9016
369141274 45.6404
369141277 55.9016
369141278 55.4794
369141285 46.4023
369141289 56.2519
369141290 45.9083
369141293 99.8484
369141294 85.4619
369141781 85.3079
369141782 35.7413
369141785 85.7563
369141786 83.6743
369141789 86.6713
369141790 86.3599
369141797 77.3904
369141798 26.8546
369141801 79.458
369141802 46.6532
369141805 87.0102
369141806 46.6723
369141813 46.4843
369141814 36.2257
369141817 86.9513
369141818 86.6711
369141821 120.355
369141822 100.333
369141829 71.3689
369141830 71.1334
369141833 72.0313
369141834 46.9162
369141837 56.3052
369141838 70.9537
369141845 140.985
369141846 56.9082
369141849 46.4461
369141850 85.7377
369141853 84.239
369141854 69.1955
369141865 130.816
369141866 128.243
369141869 72.9382
369141870 72.8626
369141877 106.739
369141878 48.1832
369141881 111.348
369141882 73.4194
369141885 57.7353
369141886 47.3318
369141893 111.205
369141894 88.3893
369141897 88.0685
369141898 48.0332
369141901 87.5162
369141902 57.2998
369141909 58.0114
369141910 37.7671
369141913 107.315
369141914 72.8837
369141917 47.345
369141918 56.9318
369141925 87.8382
369141926 47.8449
369141929 73.0264
369141930 73.0029
369141933 87.7619
369141934 57.7395
369141941 61.3229
369141942 38.3192
369141945 88.2501
369141946 58.2455
369141949 88.2501
369141950 58.2455
369141957 47.7047
369141958 48.2531
369141962 48.2531
369141965 57.6411
369141966 48.2531
369141973 48.1682
369141974 47.9463
369141977 48.1682
369141978 47.9463
369141981 73.0493
369141982 47.9463
369141989 107.774
369141990 58.1868
369141993 48.5704
369141994 73.1209
369141997 103.242
369141998 73.1209
369142005 114.828
369142006 88.2417
369142009 111.488
369142010 48.3354
369142013 102.911
369142014 87.5752
369142021 126.973
369142022 88.158
369142025 120.473
369142026 73.3214
369142029 105
369142030 72.739
369142037 116.733
369142038 58.3221
369142041 134.862
369142042 88.2747
369142045 130.048
369142046 88.0391
369142053 88.5129
369142054 88.3682
369142057 103.418
369142058 103.326
369142061 103.087
369142062 58.1525
369142069 121.366
369142070 73.5013
369142077 104.979
369142078 59.9793
369142085 114.559
369142086 48.534
369142089 73.5065
369142090 58.5498
369142093 73.2878
369142094 73.1422
369142101 73.2608
369142102 38.3119
369142105 48.5069
369142106 73.3742
369142109 72.5967
369142110 57.4344
369142117 72.0749
369142118 48.5856
369142121 73.6566
369142122 88.5821
369142125 103.111
369142126 58.0254
369142133 28.7717
369142134 75.1831
369142137 108.773
369142138 58.6166
369142141 73.4477
369142142 58.3758
369142149 38.7512
369142150 58.493
369142153 114.946
369142154 58.5259
369142157 73.6028
369142158 58.5573
369142165 37.3602
369142166 47.2635
369142169 93.8785
369142170 57.0629
369142173 72.66
369142174 57.5394
369142181 47.5085
369142182 27.6066
369142185 72.8701
369142186 47.9961
369142189 57.094
369142190 47.0066
369142197 138.121
369142198 37.3885
369142201 117.637
369142202 27.6504
369142205 101.55
369142213 57.1756
369142214 17.3541
369142217 76.1407
369142218 37.1278
369142221 101.494
369142222 71.4958
369142229 71.174
369142233 37.6124
369142234 47.5403
369142237 86.657
369142238 86.7517
369142245 47.3073
369142246 72.2402
369142249 47.3525
369142250 47.3675
369142253 71.7632
369142254 56.8073
369142262 58.1446
369142266 28.579
369142270 47.2931
369142277 47.5385
369142278 47.351
369142281 114.792
369142282 100.102
369142285 72.4765
369142286 47.6082
369142293 125.233
369142294 56.7514
369142297 102.305
369142298 57.3486
369142301 101.682
369142302 101.494
369142309 47.1636
369142310 56.5326
369142313 86.6981
369142314 71.3815
369142317 71.8443
369142318 86.2573
369142325 87.1688
369142326 47.2383
369142329 120.092
369142330 71.9975
369142333 106.816
369142334 57.1315
369142341 117.261
369142342 84.5378
369142345 100.618
369142346 54.9886
369142349 99.9787
369142350 69.7414
369142357 120.369
369142358 107.755
369142361 128.949
369142362 100.067
369142365 115.155
369142366 114.87
369142373 229.073
369142374 89.7613
369142377 113.659
369142378 84.6056
369142381 99.6986
369142382 84.6056
369153044 84.5012
369153048 90.5098
369153052 98.1651
369153060 87.4739
369153064 107.695
369153068 83.3123
369153076 85.3229
369153080 54.2655
369153084 83.4943
369153108 54.3481
369153112 33.6217
369153116 98.0613
369153124 45.6744
369153128 44.0624
369153132 43.1484
369153140 54.4301
369153144 33.3454
369153148 80.7662
369153156 123.186
369153160 124.146
369153164 98.7118
369153172 129.329
369153176 88.5029
369153180 88.1413
369153188 84.0935
369153192 88.5919
369153196 91.0833
369153204 73.6151
369153208 126.566
369153212 136.575
369153220 131.842
369153224 118.231
369153228 103.418
369153236 126.253
369153240 129.519
369153244 103.429
369153252 129.007
369153256 122.345
369153260 143.85
369153268 88.8051
369153272 129.839
369153276 126.404
369153284 38.8821
369153288 58.9298
369153292 58.3989
369153300 48.8736
369153304 58.9543
369153308 48.5662
369153316 49.1652
369153320 49.2151
369153324 48.8885
369153332 49.0823
369153336 49.1088
369153340 48.928
369153348 49.1448
369153352 39.143
369153356 74.0491
369153364 59.1875
369153368 49.2027
369153372 59.1231
369153380 49.2154
369153384 59.1951
369153388 59.1748
369153396 89.2471
369153400 93.7699
369153404 59.28
369153412 91.9743
369153416 49.335
369153420 131.113
369153428 74.2991
369153432 74.2451
369153436 89.2754
369153444 90.9545
369153452 105.416
369153460 89.317
369153464 89.2394
369153468 74.2967
369153476 89.3248
369153480 91.6265
369153484 74.2817
369153492 98.0884
369153496 59.4361
369153500 108.637
369153508 127.649
369153512 125.041
369153516 89.1074
369153524 104.997
369153528 89.0799
369153532 129.299
369153556 126.709
369153560 89.0603
369153564 122.116
369153572 126.498
369153576 74.1854
369153580 133.94
369153604 123.831
369153608 118.071
369153612 109.487
369153620 127.043
369153624 89.0029
369153628 136.504
369153636 30
369153640 50
369153644 75
369153652 60
369153656 90
369153660 60
369153668 93.1464
369153672 50
369153676 60
369153684 50
369153688 50
369153692 90
369153700 50
369153704 90
369153708 90
369153716 90
369153720 90
369153724 50
369153732 60
369153736 75
369153740 75
369154068 71.8016
369154072 57.0214
369154076 70.4229
369154084 57.1645
369154088 87.2323
369154092 86.2649
369154100 86.5221
369154104 86.4171
369154108 84.8046
369154132 56.2193
369154136 70.0394
369154140 135.33
369154148 45.3859
369154152 120.728
369154156 109.86
369154164 107.21
369154168 103.151
369154172 96.0569
369154180 85.3733
369154184 96.892
369154188 107.959
369154196 135.172
369154200 88.8823
369154204 103.578
369154212 102.193
369154216 114.452
369154220 103.976
369154228 97.2038
369154232 104.933
369154236 89.0612
369154244 129.733
369154248 113.068
369154252 104.069
369154260 138.271
369154264 138.453
369154268 120.789
369154276 118.251
369154280 139.119
369154284 122.484
369154292 136.721
369154296 104.112
369154300 104.052
369154308 131.027
369154312 136.097
369154316 137.073
369154324 140.003
369154328 132.224
369154332 136.367
369154340 106.723
369154344 104.239
369154348 105.186
369154356 101.853
369154360 104.252
369154364 104.227
369154372 126.583
369154376 104.323
369154388 89.3612
369154392 137.473
369154396 104.29
369154404 136.886
369154408 134.211
369154412 138.188
369154420 134.179
369154424 59.3998
369154428 49.3902
369154436 135.065
369154440 137.106
369154444 130.216
369154452 119.378
369154456 108.76
369154460 104.332
369154468 131.169
369154472 135.54
369154476 133.599
369154484 136.85
369154488 133.511
369154492 104.344
369154500 99.3451
369154504 134.517
369154508 74.3783
369154516 104.965
369154520 89.3482
369154524 89.2895
369154532 133.726
369154536 135.254
369154540 74.3771
369154548 123.555
369154552 132.147
369154556 120.263
369154564 108.403
369154568 108.53
369154572 133.188
369154580 123.887
369154584 89.2059
369154588 104.129
369154596 115.6
369154600 97.9824
369154604 101.476
369154612 104.02
369154616 127.046
369154620 89.1899
369154628 98.2421
369154632 90.536
369154636 122.552
369154644 149.548
369154648 102.509
369154652 112.899
369154660 104.874
369154664 133.79
369154668 103.988
369154676 78.1326
369154680 60
369154684 90
369154696 118.443
369154700 90
369154708 97.9899
369154712 105
369154716 90
369154724 101.603
369154728 138.752
369154732 60
369154740 60
369154744 90
369154748 75
369154756 137.777
369154760 124.94
369154764 141.858
369154772 60
369154776 140.704
369154780 140.99
369154788 60
369154792 50
369154796 60
369157140 57.6472
369157144 47.7206
369157148 87.4775
369157156 87.4775
369157160 72.5543
369157164 72.5543
369157172 58.5909
369157176 73.541
369157180 88.5001
369157204 58.4205
369157208 73.3564
369157212 73.3564
369157220 88.3039
369157224 73.3564
369157228 73.3564
369157236 88.582
369157240 58.7043
369157244 73.6369
369157252 120.586
369157256 125.129
369157260 103.564
369157268 103.672
369157272 149.482
369157276 110.863
369157284 110.742
369157288 122.019
369157292 88.6407
369157300 135.73
369157304 128.938
369157308 103.664
369157316 103.717
369157324 118.585
369157352 102.244
369157364 74.9435
369157368 124.653
369157372 137.111
369157380 48.8865
369157384 73.7979
369157388 48.7853
369157396 48.9847
369157400 48.8638
369157404 73.7541
369157412 74.2263
369157416 49.0709
369157420 59.0743
369157428 59.111
369157432 73.9524
369157436 74.067
369157444 49.104
369157448 59.1318
369157452 49.0532
369157460 49.1805
369157464 74.2108
369157468 59.1379
369157476 49.1945
369157480 49.2176
369157484 74.1482
369157492 49.235
369157496 59.2403
369157500 59.195
369157508 59.2148
369157512 74.2185
369157516 74.1862
369157524 39.2665
369157528 49.2601
369157532 49.2317
369157540 29.2929
369157544 49.2786
369157548 74.2543
369157556 29.2956
369157560 49.2428
369157564 49.2071
369157572 74.3763
369157576 49.385
369157580 49.3985
369157588 59.2597
369157592 59.263
369157596 74.2307
369157604 49.0881
369157608 59.1501
369157612 59.1277
369157620 39.1394
369157624 39.2011
369157628 74.147
369157636 29.1396
369157640 39.1768
369157644 59.137
369157652 19.2074
369157656 39.1322
369157660 59.1141
369157668 49.0781
369157672 59.0742
369157676 89.1083
369157684 39.0555
369157688 29.1736
369157692 59.1339
369157700 29.0491
369157704 19.1309
369157708 49.0959
369157716 49.0018
369157720 39.0551
369157724 59.0472
369157732 87.7657
369157736 47.9855
369157740 72.9231
369157748 47.3039
369157752 87.2135
369157756 72.0973
369157764 86.8654
369157768 86.8891
369157772 86.5714
369157780 70.3219
369157784 85.1605
369157788 84.6942
369157796 69.7954
369157800 84.5067
369157804 54.3284
369157812 60
369157816 83.9387
369157820 53.6625
369157828 84.051
369157832 68.8649
369157836 68.0556
369158164 49.3186
369158168 74.2838
369158172 74.2838
369158196 39.5496
369158200 89.5124
369158204 74.5213
369158276 49.5629
369158280 59.5547
369158284 49.5629
369158292 89.2183
369158296 120.527
369158300 89.9433
369158308 122.685
369158312 131.967
369158316 89.9433
369158324 89.1482
369158328 97.939
369158332 104.136
369158340 59.2468
369158344 89.1433
369158348 104.143
369158356 89.1527
369158364 59.0842
369158388 164.767
369158392 89.1208
369158396 74.0785
369158404 59.3008
369158408 89.249
369158412 89.2082
369158420 89.2864
369158424 89.2691
369158428 74.2503
369158436 77.7777
369158440 109.671
369158444 74.2569
369158452 59.351
369158456 74.2999
369158460 104.258
369158468 89.3365
369158472 74.3386
369158476 104.307
369158484 100.508
369158488 89.3
369158492 74.3163
369158500 89.3117
369158504 104.319
369158508 59.3849
369158516 89.3473
369158520 104.307
369158524 106.673
369158532 89.3853
369158536 123.592
369158540 123.35
369158548 136.878
369158552 135.79
369158556 104.368
369158564 139.37
369158568 127.759
369158572 133.686
369158580 99.7732
369158584 131.917
369158588 129.503
369158596 139.026
369158600 134.4
369158604 137.411
369158612 133.781
369158616 89.3895
369158620 104.356
369158628 137.092
369158632 122.458
369158636 133.888
369158644 134.419
369158648 132.027
369158652 89.4075
369158660 74.3798
369158664 74.3513
369158668 74.3539
369158676 114.998
369158680 49.41
369158684 113.79
369158692 59.309
369158696 49.3647
369158700 109.286
369158708 59.305
369158712 89.3056
369158716 74.2883
369158724 89.3227
369158728 59.383
369158732 89.2482
369158756 89.2756
369158760 90.86
369158764 74.3453
369158772 73.6852
369158776 98.615
369158780 73.5776
369158788 101.894
369158792 135.179
369158796 88.3135
369158804 73.5415
369158808 110.184
369158812 102.811
369158820 58.4472
369158824 73.1012
369158828 103.465
369158836 72.9526
369158840 72.6601
369158844 101.351
369158852 87.8729
369158856 102.507
369158860 101.349
369158868 57.8331
369158872 47.5485
369158876 100.969
369158888 72.5492
369158892 71.7651
369169428 101.616
369169432 108.476
369169436 156.271
369169444 74.3953
369169448 110.083
369169452 141.713
369169460 144.137
369169464 133.909
369169468 149.23
369169476 126.755
369169480 137.73
369169484 104.354
369169492 138.716
369169496 137.422
369169500 104.256
369169508 142.692
369169512 74.2129
369169516 156.607
369169524 89.0173
369169528 113.171
369169556 88.9728
369169560 103.747
369169564 104.059
369169572 114.971
369169576 137.035
369169580 135.424
369169588 104.493
369169592 103.985
369169596 104.242
369169620 89.1167
369169624 98.2711
369169628 74.2957
369169636 133.25
369169640 107.327
369169644 104.277
369169652 89.2799
369169656 104.243
369169660 136.959
369169668 89.2859
369169672 109.963
369169676 104.28
369169684 59.3918
369169688 104.277
369169692 74.3189
369169700 89.3977
369169704 89.3977
369169708 126.159
369169716 138.905
369169720 104.392
369169724 144.551
369169732 89.5204
369169736 89.5233
369169740 153.499
369169764 142.416
369169768 104.546
369169772 142.728
369169780 89.5369
369169784 104.531
369169788 134.696
369169796 104.444
369169800 104.408
369169804 104.375
369169812 89.5592
369169816 104.493
369169820 89.5109
369169828 104.408
369169832 89.4343
369169836 142.075
369169844 59.5279
369169848 104.432
369169852 89.4547
369169860 104.432
369169864 104.481
369169868 104.434
369169876 49.5892
369169880 74.5497
369169884 104.518
369169892 101.264
369169896 74.5089
369169900 104.439
369169908 100.815
369169912 113.022
369169916 104.571
369169924 89.4573
369169928 74.4799
369169932 89.4401
369169956 89.6657
369169960 108.042
369169964 134.502
369169972 89.3076
369169976 89.3741
369169980 143.472
369169988 59.2432
369169992 89.1729
369169996 104.148
369170004 59.1701
369170008 89.2382
369170012 59.3389
369170020 89.2742
369170024 89.2752
369170028 104.573
369170036 89.2689
369170040 93.6627
369170052 39.4913
369170056 74.4393
369170060 59.396
369170068 74.3296
369170072 74.331
369170076 59.2919
369170084 59.3711
369170088 74.353
369170092 49.2544
369170116 59.4596
369170120 74.3789
369170124 59.3955
369170132 49.4797
369170136 49.4755
369170140 59.4556
369170164 89.2984
369170168 89.4622
369170172 143.722
369170180 140.37
369170184 144.446
369170188 148.515
369170196 154.872
369170200 152.169
369170204 140.793
369170212 102.799
369170216 144.454
369170220 147.655
369170228 141.203
369170232 104.011
369170236 104.303
369170244 146.4
369170248 107.365
369170252 139.52
369170468 154.041
369170472 160.953
369170476 144.283
369170484 153.09
369170488 104.574
369170492 140.733
369170516 106.039
369170520 147.092
369170524 137.113
369170532 148.361
369170536 92.6599
369170540 138.964
369170548 124.045
369170552 96.0208
369170556 146.685
369170564 74.4702
369170568 89.3919
369170572 104.419
369170580 89.4419
369170584 110.533
369170588 104.416
369170596 89.4991
369170600 101.357
369170604 104.483
369170612 74.464
369170616 89.4167
369170620 104.396
369170628 74.44
369170632 89.4156
369170636 74.44
369170644 109.652
369170648 99.525
369170652 89.3639
369170660 89.4156
369170664 104.396
369170668 104.396
369170676 136.943
369170680 141.07
369170684 139.971
369170692 104.451
369170696 104.451
369170700 140.976
369170708 148.834
369170712 104.451
369170716 104.451
369170724 154.418
369170728 146.184
369170732 151.683
369170740 127.15
369170744 104.461
369170748 104.461
369170756 152.281
369170760 146.921
369170764 145.447
369170772 59.4926
369170776 49.4582
369170780 59.4175
369170788 59.4742
369170792 59.4552
369170796 74.4137
369170804 59.4875
369170808 49.4504
369170812 59.4296
369170820 49.4892
369170824 74.4404
369170828 74.41
369170836 49.4691
369170840 49.4746
369170844 59.3979
369170852 49.4788
369170856 49.4619
369170860 49.3689
369170868 59.481
369170872 49.4573
369170876 74.4042
369170884 49.4773
369170888 49.4723
369170892 74.3824
369170900 136.168
369170904 89.5222
369170908 104.495
369170916 143.572
369170920 89.5504
369170924 139.599
369170932 142.409
369170936 128.759
369170940 137.036
369170948 118.864
369170952 158.168
369170956 142.335
369170964 145.109
369170968 142.68
369170972 140.14
369170980 134.072
369170984 114.109
369170988 104.509
369170996 152.476
369171000 122.687
369171004 147.123
369171028 117.979
369171032 89.4269
369171036 150.862
369171060 117.892
369171064 156.126
369171068 116.383
369171076 139.276
369171080 147.296
369171084 89.3272
369171092 126.661
369171096 89.227
369171100 114.453
369171108 155.014
369171112 103.677
369171116 125.458
369171140 153.917
369171144 145.743
369171148 111.728
369171156 152.512
369171160 148.809
369171164 155.404
369171172 150.753
369171176 153.429
369171180 151.161
369171268 74.4999
369171272 59.7168
369171276 89.493
369171332 59.7226
369171336 74.7122
369171340 74.7122
369173524 88.9701
369173528 89.1641
369173532 89.1548
369173540 88.8793
369173544 59.1908
369173548 103.244
369173556 74.0634
369173560 89.3524
369173564 89.1076
369173572 89.1141
369173576 89.301
369173580 89.2021
369173588 74.0413
369173592 74.2884
369173596 89.2964
369173604 59.3527
369173608 49.4709
369173612 89.4569
369173620 134.95
369173624 142.728
369173628 107.272
369173636 74.3668
369173640 149.678
369173644 89.3811
369173652 49.3986
369173656 133.811
369173660 126.829
369173668 89.1647
369173672 135.374
369173676 104.305
369173684 108.65
369173688 140.583
369173692 133.244
369173700 113.298
369173704 49.4545
369173708 104.692
369173716 126.149
369173720 104.34
369173724 104.393
369173732 133.141
369173736 139.379
369173740 104.354
369173748 140.029
369173752 139.606
369173756 104.357
369173764 153.482
369173768 135.011
369173772 121.851
369173780 93.9483
369173784 153.242
369173788 106.564
369173796 141.884
369173800 89.4319
369173804 138.377
369173812 139.559
369173816 107.504
369173820 139.961
369173828 144.732
369173832 138.927
369173836 148.772
369173844 49.4589
369173848 59.45
369173852 59.4278
369173860 49.4775
369173864 59.4572
369173876 49.5703
369173880 49.5243
369173884 74.5578
369173892 74.4396
369173896 74.451
369173900 74.4396
369173908 59.4862
369173912 49.4561
369173916 74.4282
369173924 59.5599
369173928 74.5468
369173932 59.5599
369173940 59.4838
369173944 49.4896
369173948 49.4975
369173956 49.5903
369173960 59.5674
369173964 49.5513
369173972 59.5142
369173976 49.4815
369173980 74.4743
369173988 49.5095
369173992 39.5055
369173996 59.4706
369174004 49.4991
369174008 49.5002
369174012 49.4829
369174020 59.5906
369174024 39.5687
369174028 74.547
369174036 49.5322
369174040 88.9613
369174044 89.4346
369174052 49.4657
369174056 49.4413
369174060 89.4043
369174068 74.3787
369174072 49.4341
369174076 49.4452
369174084 49.4412
369174088 49.3426
369174092 49.4375
369174100 89.3986
369174104 59.4551
369174108 89.4458
369174116 39.4722
369174120 74.437
369174124 49.4429
369174132 49.4574
369174136 59.4493
369174140 59.4486
369174148 136.576
369174152 108.255
369174156 111.669
369174164 99.3975
369174168 89.4915
369174172 108.665
369174180 147.461
369174184 89.4915
369174188 108.733
369174196 74.5138
369174200 104.646
369174204 113.446
369174212 139.361
369174216 74.592
369174220 139.791
369174228 137.301
369174232 120.777
369174236 130.731
369174244 114.82
369174248 89.4556
369174252 140.097
369174260 152.407
369174264 127.121
369174268 135.909
369174276 143.295
369174280 104.27
369174284 104.337
369174292 136.382
369174296 141.12
369174300 124.293
369174308 149.987
369174312 104.025
369174316 146.012
369174324 122.719
369174328 89.193
369174332 135.735
369174340 121.6
369174344 120.318
369174348 120.959
369174548 89.2856
369174552 74.278
369174556 89.1791
369174564 107.697
369174568 89.2883
369174572 104.205
369174580 120.417
369174584 99.5578
369174588 120.849
369174596 89.2447
369174600 59.2893
369174604 89.0248
369174612 90.4434
369174616 49.2623
369174620 73.9828
369174628 132.076
369174632 88.3011
369174636 104.022
369174644 122.435
369174648 74.1984
369174652 89.1919
369174660 135.748
369174664 122.303
369174668 102.775
369174676 140.696
369174680 104.447
369174684 126.199
369174692 140.44
369174696 139.787
369174700 154.619
369174708 139.008
369174712 104.465
369174716 152.153
369174724 135.238
369174728 135.909
369174732 148.557
369174740 146.749
369174744 135.69
369174748 104.455
369174756 115.477
369174760 106.916
369174764 140.62
369174776 140.258
369174780 104.447
369174788 146.364
369174792 140.903
369174804 265.163
369174808 138.563
369174812 119.556
369174820 150.983
369174824 120.131
369174828 170.69
369174836 139.236
369174840 127.238
369174844 134.981
369174852 120.018
369174856 139.303
369174860 138.714
369174868 89.4604
369174872 74.4735
369174876 104.431
369174884 89.4496
369174888 89.4496
369174892 89.4342
369174900 89.4359
369174904 90.8417
369174908 104.419
369174916 59.4824
369174920 74.4567
369174924 74.3809
369174932 145.148
369174936 89.4309
369174940 89.3892
369174948 89.4789
369174952 84.5821
369174956 104.412
369174980 49.5857
369174984 89.5329
369174988 89.5329
369174996 89.472
369175000 74.4937
369175004 89.472
369175012 116.375
369175016 104.481
369175020 89.4721
369175028 123.382
369175032 74.4971
369175036 89.4121
369175044 125.331
369175048 89.472
369175052 104.434
369175060 121.469
369175064 89.4678
369175068 104.414
369175076 74.5238
369175080 89.4678
369175084 104.45
369175092 89.5616
369175096 89.5616
369175100 104.554
369175108 89.4415
369175112 104.423
369175116 74.4248
369175124 74.4433
369175128 109.701
369175132 104.397
369175140 89.4193
369175144 89.4193
369175148 89.3805
369175156 74.4639
369175160 74.4639
369175164 106.326
369175172 89.4937
369175176 89.4699
369175180 89.4937
369175188 89.5537
369175192 89.5557
369175196 104.543
369175204 89.4937
369175208 74.5135
369175212 104.478
369175220 74.5925
369175224 89.5767
369175228 103.293
369175236 89.5345
369175240 74.5325
369175244 89.4857
369175252 89.4857
369175256 104.485
369175260 209.268
369175268 89.5667
369175272 74.5808
369175276 59.5552
369175284 74.5124
369175288 101.911
369175292 74.4966
369175300 89.466
369175304 89.4781
369175308 59.5193
369175316 89.2827
369175320 89.3336
369175324 104.256
369175332 89.2407
369175336 74.4108
369175340 104.267
369175348 104.279
369175352 104.372
369175356 104.267
369175364 89.2891
369175368 107.444
369175372 89.1955
369175380 104.269
369175384 89.2906
369175388 89.1886
369175396 59.3493
369175400 89.2906
369175404 89.3313
369175412 96.1227
369175416 89.6436
369175420 74.6581
