369120277 218.536
369120278 221.352
369120281 196.809
369120282 206.479
369120285 205.327
369120286 270
369120293 218.695
369120294 220.093
369120297 206.008
369120298 211.705
369120301 203.299
369120302 200.853
369120309 218.768
369120310 235.374
369120313 197.417
369120314 207.546
369120317 213.507
369120318 208.977
369120325 204.506
369120326 216.944
369120329 198.951
369120330 209.85
369120333 242.742
369120334 233.235
369120341 228.534
369120342 219.646
369120345 207.441
369120346 225.92
369120349 206.978
369120350 243.462
369120357 230.779
369120358 229.433
369120361 193.616
369120362 198.813
369120365 243.11
369120366 216.928
369120373 219.731
369120374 208.44
369120377 257.504
369120378 211.048
369120381 204.439
369120382 243.271
369120389 228.762
369120390 216.706
369120393 210.883
369120394 212.152
369120397 203.04
369120398 205.663
369120405 233.591
369120406 231.419
369120410 231.939
369120414 206.276
369120421 219.665
369120422 209.692
369120425 207.371
369120426 212.326
369120429 206.376
369120430 213.554
369120437 238.362
369120438 228.009
369120441 207.731
369120442 211.926
369120445 247.548
369120446 242.818
369120453 209.404
369120454 227.406
369120457 341.888
369120458 219.414
369120461 201.522
369120462 242.742
369120469 217.797
369120470 214.38
369120473 210.145
369120474 217.515
369120477 201.189
369120478 247.768
369120485 198.998
369120486 205.884
369120489 206.098
369120490 213.837
369120493 197.379
369120494 198.251
369120501 219.025
369120502 218.519
369120505 208.707
369120506 207.801
369120509 189.632
369120510 215.067
369120517 207.804
369120518 221.943
369120521 237.406
369120522 208.119
369120525 242.466
369120526 202.082
369120533 219.633
369120534 220.648
369120537 199.195
369120538 208.252
369120541 197.002
369120542 198.138
369120629 216.906
369120630 218.18
369120633 208.549
369120634 218.964
369120637 196.429
369120638 202.073
369120645 199.444
369120646 215.278
369120649 209.028
369120650 219.114
369120653 199.066
369120654 198.005
369120661 230.492
369120662 228.607
369120665 203.315
369120666 209.3
369120669 206.976
369120670 206.458
369120677 209.521
369120678 186.618
369120681 186.455
369120682 209.876
369120685 185.652
369120686 232.922
369121301 152.536
369121302 127.245
369121305 177.616
369121306 111.255
369121309 207.739
369121310 235.2
369121317 189.935
369121318 188.988
369121321 188.392
369121322 189.862
369121325 190.98
369121326 187.922
369121333 197.553
369121334 186.037
369121337 197.403
369121338 207.548
369121341 192.302
369121342 186.424
369121365 207.239
369121366 200.104
369121369 193.247
369121370 189.963
369121373 195.886
369121374 189.494
369121381 207.213
369121382 207.555
369121385 187.415
369121386 188.614
369121389 190.561
369121390 191.332
369121397 199.631
369121398 185.813
369121401 186.047
369121402 186.439
369121405 196.667
369121406 187.407
369121413 181.677
369121414 103.857
369121417 223.565
369121418 190.051
369121421 186.175
369121422 189.996
369121429 185.569
369121430 199.896
369121433 190.602
369121434 195.429
369121437 186.029
369121438 191.806
369121445 197.35
369121446 206.834
369121449 195.585
369121450 185.511
369121453 190.757
369121454 185.38
369121461 195.717
369121462 180.816
369121465 201.434
369121466 199.026
369121469 188.355
369121470 191.654
369121477 189.699
369121478 206.71
369121481 196.655
369121482 185.914
369121485 181.003
369121486 191.399
369121493 187.297
369121494 187.7
369121497 190.53
369121498 191.687
369121501 188.615
369121502 187.402
369121509 212.315
369121510 178.977
369121513 202.365
369121514 197.624
369121517 197.407
369121518 197.624
369121525 189.48
369121526 186.546
369121529 202.058
369121530 187.438
369121533 184.988
369121534 187.373
369121541 192.324
369121542 180.414
369121545 197.257
369121546 187.821
369121549 197.186
369121550 177.373
369121557 179.981
369121558 187.539
369121561 180.71
369121562 185.329
369121565 201.039
369121566 193.392
369121573 189.453
369121574 186.786
369121577 185.636
369121578 187.42
369121581 180.835
369121582 186.657
369121589 184.633
369121590 185.497
369121593 189.484
369121594 197.093
369121597 179.006
369121598 190.193
369121605 198.183
369121606 187.114
369121609 188.919
369121610 188.972
369121613 208.761
369121614 169.894
369121621 186.123
369121622 169.802
369121625 179.396
369121626 180.957
369121629 181.797
369121630 182.236
369121637 190.959
369121638 187.912
369121641 178.775
369121642 180.195
369121645 179.856
369121646 188.517
369121653 196.782
369121654 182.135
369121657 185.794
369121658 187.149
369121661 178.944
369121662 179.733
369121669 179.656
369121670 180.484
369121673 186.401
369121674 182.319
369121677 181.173
369121678 181.823
369121685 180.993
369121686 186.546
369121689 180
369121690 179.96
369121693 181.609
369121694 179.437
369121701 185.304
369121702 185.352
369121705 162.93
369121706 174.866
369121709 180.566
369121710 181.521
369121717 188.07
369121718 179.885
369121721 185.327
369121725 207.095
369121726 177.031
369121733 187.196
369121734 184.84
369121737 187.83
369121738 194.151
369121741 186.025
369121742 181.504
369121749 187.628
369121750 167.591
369121753 187.123
369121754 184.535
369121757 181.148
369121758 184.81
369121765 188.925
369121766 190.458
369121769 187.926
369121770 187.104
369121773 195.034
369121774 189.402
369124373 221.489
369124374 212.01
369124377 249.552
369124378 236.129
369124381 204.668
369124382 210.511
369124389 234.777
369124390 222.305
369124393 221.926
369124394 197.466
369124397 221.926
369124398 204.372
369124405 240.51
369124406 224.887
369124409 193.483
369124410 200.906
369124413 186.81
369124414 196.855
369124421 235.024
369124422 225.906
369124425 220.14
369124426 210.551
369124429 190.705
369124430 195.475
369124437 226.574
369124438 223.413
369124441 235.365
369124442 206.873
369124445 155.907
369124446 225.424
369124453 257.542
369124454 260
369124457 254.565
369124458 234.193
369124461 175.895
369124462 209.675
369124469 217.163
369124470 233.292
369124473 247.283
369124474 192.651
369124477 210.208
369124478 208.066
369124485 211.407
369124486 202.183
369124489 190.595
369124490 204.722
369124493 191.697
369124494 197.319
369124501 206.683
369124502 240.644
369124505 198.387
369124506 243.639
369124509 203.546
369124510 206.395
369124517 230.801
369124518 219.187
369124521 199.686
369124522 202.294
369124525 207.719
369124526 202.51
369124533 207.582
369124534 260
369124537 196.721
369124538 222.716
369124541 200.048
369124542 202.764
369124549 204.747
369124550 217.671
369124553 127.444
369124554 185.438
369124557 191.345
369124558 199.133
369124565 210.017
369124566 227.292
369124569 195.781
369124570 210.122
369124573 198.451
369124574 201.98
369124581 218.484
369124582 218.771
369124585 233.54
369124586 217.275
369124589 201.889
369124590 209.35
369124597 211.012
369124598 220.127
369124601 198.515
369124602 193.414
369124605 198.872
369124606 200.682
369124613 203.343
369124614 221.069
369124617 197.573
369124618 206.152
369124621 195.981
369124622 208.278
369124629 208.424
369124630 208.529
369124633 193.69
369124634 192.676
369124637 189.633
369124638 195.583
369124645 215.151
369124646 205.259
369124649 193.932
369124650 196.201
369124653 204.575
369124654 214.415
369124661 207.565
369124662 198.441
369124665 199.5
369124666 206.171
369124669 184.895
369124670 205.531
369124677 205.18
369124678 207.003
369124681 213.228
369124682 232.845
369124685 202.296
369124686 195.341
369124693 225.296
369124694 215.417
369124697 194.619
369124698 231.137
369124701 190.307
369124702 194.393
369124709 212.22
369124710 215.416
369124713 195.316
369124714 258.586
369124717 182.373
369124718 191.014
369124725 208.292
369124726 212.679
369124729 197.006
369124730 203.72
369124733 190.607
369124734 200.697
369124741 225.515
369124742 222.297
369124745 231.455
369124746 221.409
369124749 200.575
369124750 206.8
369124757 214.58
369124758 205.379
369124761 194.753
369124762 204.257
369124765 183.535
369124766 188.48
369124773 263.7
369124774 231.51
369124777 200.729
369124778 242.449
369124781 190.142
369124782 235.111
369125397 181.112
369125401 178.736
369125405 262.13
369125413 190.938
369125414 183.52
369125417 200.481
369125418 187.882
369125421 179.342
369125422 190.094
369125429 187.564
369125430 189.874
369125433 193.065
369125434 199.492
369125437 182.518
369125438 186.527
369125445 201.068
369125446 185.335
369125449 190.155
369125450 200.553
369125453 185.487
369125454 187.24
369125461 198.815
369125462 191.612
369125465 228.281
369125466 171.552
369125469 181.255
369125470 189.738
369125477 190.448
369125478 164.85
369125481 232.123
369125482 186.772
369125485 187.191
369125486 191.571
369125493 195.354
369125494 186.463
369125497 186.94
369125498 188.589
369125501 189.173
369125502 190.216
369125509 189.078
369125510 191.57
369125513 190.996
369125514 188.728
369125517 207.336
369125518 195.905
369125525 198.561
369125526 197.645
369125529 191.929
369125530 189.959
369125533 194.914
369125534 191.28
369125541 190.676
369125542 188.83
369125545 181.328
369125546 167.893
369125549 194.008
369125550 194.735
369125557 205.397
369125558 195.665
369125561 198.608
369125562 190.815
369125565 207.906
369125566 198.731
369125573 217.687
369125574 189.999
369125577 190.899
369125578 189.452
369125581 188.044
369125582 192.957
369125589 205.942
369125590 187.109
369125593 187.618
369125594 188.627
369125597 189.4
369125605 217.087
369125606 235.445
369125609 184.219
369125610 187.09
369125613 193.098
369125614 194.561
369125621 189.333
369125622 189.479
369125625 190.848
369125626 191.152
369125629 187.67
369125630 186.944
369125637 190.62
369125638 190.818
369125641 187.736
369125642 188.421
369125645 187.888
369125653 186.961
369125654 191.477
369125657 192.669
369125658 192.562
369125661 179.505
369125662 162.541
369125669 178.435
369125670 190.026
369125673 199.807
369125674 191.672
369125677 185.844
369125678 190.238
369125685 200.671
369125686 187.172
369125689 186.455
369125690 190.605
369125693 183.411
369125701 194.776
369125702 187.742
369125705 180.747
369125706 189.963
369125709 162.292
369125710 230.888
369125717 191.984
369125718 182.903
369125721 179.894
369125722 178.775
369125725 178.827
369125726 180.738
369125749 201.451
369125750 178.099
369125753 200.739
369125754 192.696
369125757 179.219
369125758 189.101
369125765 174.967
369125766 181.501
369125769 176.927
369125770 155.419
369125773 174.891
369125774 186.558
369125781 186.773
369125782 181.2
369125785 198.499
369125797 181.605
369125798 192.08
369125801 186.483
369125802 191.788
369125805 187.779
369125806 192.114
369125813 211.981
369125814 178.446
369125817 189.713
369125818 188.956
369125821 189.839
369125822 183.609
369125829 182.676
369125830 183.513
369125833 187.843
369125834 188.183
369125837 193.805
369125838 189.123
369125845 187.296
369125846 189.243
369125849 199.065
369125850 191.44
369125853 188.824
369125854 182.82
369125862 189.031
369125866 189.508
369125870 186.535
369136661 162.153
369136662 138.529
369136665 167.171
369136666 140.715
369136669 132.139
369136670 117.425
369136677 157.745
369136678 157.612
369136681 147.271
369136682 131.713
369136685 148.921
369136686 135.979
369136693 152.674
369136694 136.848
369136697 162.76
369136698 148.036
369136701 142.674
369136702 113.073
369136709 160.499
369136710 160.86
369136713 147.457
369136714 127.9
369136717 137.571
369136718 110.316
369136733 131.918
369136734 117.227
369136741 149.363
369136742 152.745
369136745 152.267
369136746 147.702
369136749 167.414
369136750 136.512
369136757 171.277
369136758 154.04
369136761 137.65
369136762 122.953
369136765 137.65
369136766 97.739
369136773 157.327
369136774 127.818
369136777 157.499
369136778 142.736
369136781 132.463
369136782 112.813
369136789 142.536
369136790 127.783
369136793 147.585
369136794 136.443
369136797 154.111
369136798 153.244
369136805 168.498
369136806 171.101
369136809 156.867
369136810 162.866
369136813 99.2486
369136814 125.086
369136821 157.87
369136822 160.617
369136825 104
369136826 130.014
369136829 156.556
369136830 200
369136837 159.265
369136838 200
369136841 151.777
369136842 151.896
369136845 167.058
369136846 129.081
369136853 166.924
369136854 149.019
369136857 157.351
369136858 150.882
369136861 127.095
369136862 93.5926
369136869 168.277
369136870 146.675
369136873 167.642
369136874 147.912
369136877 154.104
369136878 147.248
369136885 147.036
369136886 140.009
369136889 119.798
369136890 150.414
369136893 160.097
369136894 156.595
369136901 147.075
369136902 135.075
369136905 149.777
369136906 161.376
369136910 167.79
369136917 144.83
369136918 142.334
369136921 77.1006
369136922 127.288
369136925 170.601
369136926 150.724
369136933 117.938
369136934 127.136
369136937 118.928
369136938 122.179
369136941 155.379
369136942 150.153
369136949 159.779
369136950 146.961
369136953 102.415
369136954 77.1462
369136957 79.1425
369136958 117.211
369136965 154.295
369136966 134.082
369136969 117.693
369136970 132.292
369136973 162.095
369136974 132.348
369136981 137.002
369136982 127.093
369136985 145.381
369136986 138.483
369136989 162.026
369136990 117.034
369136997 137.062
369136998 127.147
369137001 129.168
369137002 102.927
369137005 162.763
369137006 126.259
369137013 138.06
369137014 88.3811
369137017 144.895
369137018 133.111
369137021 168.06
369137022 122.153
369137029 147.773
369137030 120.046
369137033 140.521
369137034 142.265
369137037 147.773
369137038 113.488
369137045 152.929
369137046 115.652
369137049 152.929
369137050 133.12
369137053 153.036
369137054 148.182
369137061 141.445
369137062 149.418
369137065 153.719
369137066 120.078
369137069 148.846
369137070 129.418
369137077 127.121
369137078 100.742
369137081 79.1897
369137082 102.839
369137085 159.19
369137086 129.839
369137093 119.113
369137094 139.615
369137097 179.446
369137098 155.975
369137101 174.559
369137102 155.111
369137109 143.649
369137110 114.041
369137113 148.527
369137114 153.761
369137117 113.82
369137118 129.181
369137125 159.987
369137126 172.374
369137129 151.87
369137130 132.212
369137133 143.963
369137134 152.306
369137141 147.071
369137142 113.13
369137145 172.21
369137146 149.082
369137149 150.846
369137150 143.378
369137157 157.4
369137158 166.223
369137161 142.868
369137162 142.34
369137165 137.127
369137166 107.37
369137173 146.998
369137174 112.712
369137177 137.1
369137178 109.11
369137181 143.254
369137182 152.424
369137189 142.045
369137190 127.283
369137193 137.089
369137194 112.401
369137197 150.42
369137198 165.657
369137685 86.8061
369137686 100.655
369137689 141.892
369137690 121.995
369137693 154.118
369137694 158.945
369137701 119.046
369137702 106.64
369137705 117.38
369137706 137.602
369137709 133
369137710 125.812
369137717 104.028
369137718 137.557
369137721 147.34
369137722 126.687
369137725 137.34
369137726 112.589
369137733 147.175
369137734 127.382
369137737 114.472
369137738 142.419
369137742 137.452
369137749 53.7419
369137750 137.66
369137753 148.637
369137754 130.911
369137757 144.911
369137758 127.575
369137765 94.1074
369137766 111.08
369137769 100.527
369137770 139.08
369137773 147.669
369137774 151.888
369137781 145.964
369137782 135.282
369137785 147.321
369137786 151.796
369137789 112.163
369137790 132.349
369137798 171.97
369137801 148.209
369137802 141.216
369137805 163.408
369137806 148.206
369137813 142.919
369137814 114.406
369137817 87.5109
369137818 106.522
369137821 139.519
369137822 142.051
369137829 146.951
369137830 -19.9194
369137833 147.301
369137834 144.193
369137837 99.4215
369137838 148.028
369137845 158.77
369137846 160.148
369137849 151.455
369137850 152.75
369137853 156.284
369137854 152.708
369137861 154.182
369137862 156.694
369137865 151.87
369137866 150.969
369137869 150.877
369137870 155.138
369137877 147.436
369137878 154.493
369137881 122.112
369137882 149.141
369137885 160.427
369137886 161.489
369137893 152.246
369137894 149.981
369137897 132.884
369137898 151.511
369137901 150.234
369137902 153.13
369137909 152.094
369137910 152.927
369137913 151.141
369137914 151.662
369137917 156.196
369137918 154.584
369137925 151.17
369137926 149.662
369137929 156.708
369137930 157.478
369137933 161.618
369137934 164.635
369137941 159.265
369137942 150.709
369137945 163.838
369137946 151.763
369137949 161.806
369137950 159.042
369137957 155.499
369137958 156.488
369137961 161.663
369137962 157.163
369137965 156.828
369137966 157.884
369137973 144.664
369137974 138.588
369137977 154.082
369137978 136.988
369137981 153.361
369137982 153.964
369137989 157.522
369137990 57.4385
369137993 156.549
369137994 156.452
369137997 149.43
369137998 153.647
369138005 1.05512
369138006 128.312
369138009 128.51
369138010 126.703
369138013 126.709
369138014 136.971
369138021 147.768
369138022 138.609
369138025 144.653
369138026 146.363
369138029 140.081
369138030 145.12
369138037 139.819
369138038 156.803
369138041 144.663
369138042 141.864
369138045 145.156
369138046 151.864
369138053 147.265
369138054 143.944
369138057 146.876
369138058 144.596
369138061 149.631
369138062 146.956
369138069 147.104
369138070 122.297
369138073 152.07
369138074 132.226
369138077 137.156
369138078 117.325
369138085 147.787
369138086 150.31
369138089 144.831
369138090 146.426
369138093 147.316
369138094 122.654
369138101 142.024
369138102 122.149
369138105 111.75
369138106 127.137
369138109 146.2
369138110 148.629
369138117 151.932
369138118 142.235
369138121 140.006
369138122 139.973
369138125 142.064
369138126 142.235
369138133 146.87
369138134 141.931
369138137 146.87
369138138 141.931
369138141 141.899
369138142 136.956
369138149 152.143
369138150 149.32
369138153 147.105
369138154 133.302
369138157 137.177
369138158 137.261
369138165 151.794
369138166 132.847
369138169 151.794
369138170 142.155
369138173 136.1
369138174 127.117
369138181 72.001
369138182 91.9495
369138185 125.212
369138186 127.119
369138189 106.612
369138190 102.969
369138197 137.371
369138198 109.966
369138201 142.41
369138202 132.439
369138205 147.371
369138206 127.486
369138213 131.785
369138214 127.875
369138217 141.745
369138218 126.809
369138221 136.722
369138222 91.7775
369138229 165.348
369138230 154.554
369138233 147.79
369138234 148.623
369138237 138.767
369138238 150.589
369138245 150.912
369138246 153.981
369138249 152.062
369138250 148.895
369138253 149.954
369138254 154.66
369138261 155.09
369138262 134.327
369138265 145.267
369138266 143.893
369138269 144.726
369138270 141.971
369138277 61.843
369138278 77.7417
369138281 61.843
369138282 72.3917
369138285 121.602
369138286 132.193
369140837 171.713
369140838 152.808
369140841 182.872
369140842 107.238
369140845 136.703
369140846 117.761
369140853 152.31
369140854 116.827
369140857 155.501
369140858 112.217
369140861 142.31
369140862 122.673
369140869 103.54
369140873 149.096
369140874 134.522
369140877 134.641
369140878 121.659
369140885 146.909
369140886 117.444
369140889 166.761
369140890 157.444
369140893 138.685
369140894 148.251
369140901 152.258
369140902 123.444
369140905 147.211
369140906 111.24
369140909 150.95
369140910 117.355
369140917 157.499
369140918 124.771
369140921 193.45
369140922 125.717
369140925 135.47
369140926 135.447
369140933 136.896
369140934 123.406
369140937 155.176
369140938 145.004
369140941 96.8004
369140942 88.9938
369140949 135.271
369140950 126.613
369140953 147.038
369140954 130.003
369140957 137.038
369140958 112.365
369140965 150.076
369140966 162.268
369140969 146.824
369140970 112.268
369140973 158.013
369140974 177.298
369140981 137.967
369140982 137.88
369140985 127.002
369140986 95.4402
369140989 132.049
369140990 114.138
369140997 157.483
369140998 146.112
369141001 156.95
369141002 148.395
369141005 147.598
369141006 193.7
369141013 175.216
369141014 148.561
369141017 167.339
369141018 137.405
369141021 161.318
369141022 122.806
369141029 141.991
369141030 127.225
369141033 168.468
369141034 158.707
369141037 142.053
369141038 122.268
369141045 136.916
369141046 122.1
369141049 167.372
369141050 156.891
369141053 162.261
369141054 152.495
369141061 142.031
369141062 127.169
369141065 137.052
369141066 127.169
369141069 142.031
369141070 122.202
369141077 160.002
369141078 145.881
369141081 166.528
369141082 147.151
369141085 161.409
369141086 137.207
369141093 121.314
369141094 87.2118
369141097 142.001
369141098 120.384
369141101 166.599
369141102 147.272
369141109 143.451
369141110 128.832
369141113 164.901
369141114 144.872
369141117 110.305
369141118 99.8415
369141125 152.946
369141126 123.089
369141129 160.394
369141130 153.494
369141133 160.356
369141134 148.548
369141141 148.655
369141142 157.131
369141145 151.349
369141146 177.195
369141149 159.504
369141150 159.064
369141157 133.074
369141158 104.555
369141161 148.32
369141162 119.397
369141165 153.25
369141166 126.794
369141173 147.915
369141174 155.733
369141177 106.715
369141178 124.883
369141181 141.038
369141182 119.647
369141189 169.968
369141190 151.077
369141193 115.552
369141194 92.0675
369141197 160.999
369141198 160.785
369141205 150.252
369141206 114.702
369141209 155.443
369141210 116.064
369141213 150.252
369141214 114.222
369141221 100.677
369141226 123.519
369141229 151.056
369141237 142.238
369141238 71.8548
369141241 154.16
369141242 144.868
369141245 145.212
369141246 104.411
369141253 137.562
369141254 142.752
369141257 125.407
369141258 124.087
369141261 191.65
369141262 130.762
369141269 142.099
369141270 132.087
369141273 141.35
369141274 115.098
369141277 144.56
369141278 115.098
369141285 139.245
369141286 95.1179
369141289 144.12
369141290 100.03
369141293 140.318
369141294 194.54
369141781 140.869
369141782 -73.7796
369141785 132.056
369141786 131.069
369141789 135.906
369141790 145.029
369141797 132.025
369141798 102.839
369141801 145.464
369141802 106.861
369141805 133.535
369141806 114.062
369141813 104.239
369141814 124.382
369141817 134.425
369141818 108.989
369141821 154.435
369141822 159.709
369141829 148.874
369141830 109.435
369141833 143.79
369141834 74.1308
369141837 118.874
369141838 82.485
369141845 120.576
369141846 154.966
369141849 149.997
369141850 127.919
369141853 139.86
369141854 114.853
369141861 109.063
369141865 146.665
369141866 126.267
369141869 190
369141870 129.039
369141877 139.076
369141878 127.348
369141881 138.125
369141882 157.422
369141885 142.15
369141886 96.6828
369141893 146.156
369141894 123.29
369141897 137.062
369141898 77.398
369141901 137.281
369141902 91.117
369141909 142.532
369141910 101.109
369141913 140.303
369141914 117.892
369141917 122.614
369141918 89.4271
369141925 142.332
369141926 102.494
369141929 152.332
369141930 130.258
369141933 134.901
369141934 117.488
369141941 156.901
369141942 116.97
369141945 140.71
369141946 107.1
369141949 129.658
369141950 112.047
369141957 133.485
369141958 109.883
369141962 127.093
369141965 112.845
369141966 123.019
369141973 107.695
369141974 87.5791
369141977 97.4684
369141978 122.419
369141981 124.935
369141982 89.6788
369141989 145.531
369141990 162.132
369141993 94.9269
369141994 85.7093
369141997 154.76
369141998 123.918
369142005 158.001
369142006 27.0359
369142009 156.287
369142010 133.836
369142013 150.551
369142014 134.446
369142021 154.164
369142022 -66.4137
369142025 156.365
369142026 142.26
369142029 155.603
369142030 139.677
369142037 152.426
369142038 142.115
369142041 151.779
369142042 140.995
369142045 138.199
369142046 162.105
369142053 129.686
369142054 170
369142057 146.771
369142058 136.429
369142061 132.655
369142062 137.053
369142069 148.306
369142070 141.492
369142077 137.592
369142078 150
369142085 122.196
369142086 116.856
369142089 138.71
369142090 121.876
369142093 124.237
369142094 109.786
369142101 114.724
369142102 95.0377
369142105 147.281
369142106 137.385
369142109 129.171
369142110 99.3582
369142117 136.722
369142118 109.665
369142121 151.684
369142122 110.884
369142125 138.746
369142126 116.934
369142133 126.65
369142134 115.686
369142137 127.284
369142138 116.426
369142141 127.759
369142142 121.836
369142149 132.17
369142150 126.736
369142153 146.001
369142154 121.756
369142157 145.118
369142158 126.736
369142165 106.021
369142166 89.7708
369142169 132.649
369142170 103.561
369142173 123.109
369142174 108.591
369142181 113.522
369142182 127.961
369142185 122.856
369142186 90.247
369142189 112.946
369142190 81.7626
369142197 108.505
369142198 138.466
369142201 132.459
369142202 133.255
369142205 105.068
369142213 138.47
369142214 108.235
369142217 147.046
369142218 113.465
369142221 133.343
369142222 118.695
369142229 129.8
369142233 121.913
369142234 95.0733
369142237 148.165
369142238 133.095
369142245 123.353
369142246 121.602
369142249 110.401
369142250 107.539
369142253 138.405
369142254 93.6147
369142262 127.395
369142266 142.425
369142270 82.1151
369142277 147.598
369142278 98.2098
369142281 147.735
369142282 127.751
369142285 147.598
369142286 132.758
369142293 150.476
369142294 153.559
369142297 129.625
369142298 161.328
369142301 141.839
369142302 138.368
369142309 88.0631
369142310 91.799
369142313 133.855
369142314 135.537
369142317 130.807
369142318 125.696
369142325 138.821
369142326 153.296
369142329 141.004
369142330 143.422
369142333 137.396
369142334 138.476
369142341 142.457
369142342 151.099
369142345 132.057
369142346 129.329
369142349 143.071
369142350 151.099
369142357 140.306
369142358 129.087
369142361 139.635
369142362 126.725
369142365 125.796
369142366 138.817
369142373 155.141
369142374 130.12
369142377 144.429
369142378 160.82
369142381 129.449
369142382 139.672
369153044 141.065
369153048 114.787
369153052 146.809
369153060 144.334
369153064 126.559
369153068 146.809
369153076 116.548
369153080 121.402
369153084 126.308
369153108 147.55
369153112 125.277
369153116 157.931
369153124 116.239
369153128 147.174
369153132 172.001
369153140 121.56
369153144 132.751
369153148 117.431
369153156 127.633
369153160 135.2
369153164 107.107
369153172 140.52
369153176 126.387
369153180 126.184
369153188 137.123
369153192 142.162
369153196 121.729
369153204 130.935
369153208 147.186
369153212 148.718
369153220 137.86
369153224 122.027
369153228 126.995
369153236 134.889
369153240 136.228
369153244 136.8
369153252 148.766
369153256 136.08
369153260 147.437
369153268 138.506
369153272 119.474
369153276 121.046
369153284 89.4057
369153288 56.4012
369153292 76.1712
369153300 61.3847
369153304 80.3147
369153308 75.4747
369153316 61.0603
369153320 80.2728
369153324 51.0838
369153332 66.0475
369153336 61.0612
369153340 56.0731
369153348 86.0875
369153352 87.8975
369153356 56.0731
369153364 86.9696
369153368 60.92
369153372 76.3291
369153380 87.6896
369153384 60.92
369153388 60.92
369153396 154.873
369153400 127.514
369153404 112.024
369153412 130.854
369153416 130.825
369153420 121.838
369153428 131.897
369153432 130.777
369153436 135.106
369153444 127.149
369153452 122.194
369153460 125.359
369153464 121.864
369153468 125.773
369153476 125.05
369153480 138.865
369153484 111.041
369153492 126.894
369153496 135.61
369153500 127.549
369153508 148.269
369153512 124.459
369153516 150.994
369153524 112.066
369153528 136.425
369153532 117.105
369153556 145.218
369153560 146.028
369153564 120.445
369153572 135.075
369153576 160.922
369153580 136.653
369153604 127.449
369153608 116.804
369153612 124.988
369153620 133.124
369153624 126.812
369153628 146.145
369153636 120.789
369153640 115.059
369153644 127.099
369153652 138.466
369153656 115.889
369153660 128.466
369153668 139.425
369153672 101.316
369153676 99.6699
369153684 99.9788
369153688 114.009
369153692 113.53
369153700 115.604
369153704 130.161
369153708 130.161
369153716 155.056
369153720 126.184
369153724 113.394
369153732 124.879
369153736 134.949
369153740 107.869
369154068 101.274
369154072 114.122
369154076 92.8205
369154084 61.9744
369154088 107.062
369154092 108.746
369154100 106.74
369154104 100.282
369154108 120.432
369154132 115.765
369154136 130.747
369154140 97.53
369154148 90.307
369154152 99.2222
369154156 162.199
369154164 120.773
369154168 103.098
369154172 167.015
369154180 120.747
369154184 103.221
369154188 113.208
369154196 118.573
369154200 118.178
369154204 133.097
369154212 124.13
369154216 114.772
369154220 117.144
369154228 125.921
369154232 116.375
369154236 115.573
369154244 105.773
369154248 126.815
369154252 124.41
369154260 117.755
369154264 112.692
369154268 117.198
369154276 125.788
369154280 120.416
369154284 124.059
369154292 126.294
369154296 118.292
369154300 118.406
369154308 133.631
369154312 124.198
369154316 143.97
369154324 126.371
369154328 129.329
369154332 127.536
369154340 129.048
369154344 118.515
369154348 118.58
369154356 125.218
369154360 114.416
369154364 127.498
369154372 117.583
369154376 122.15
369154388 138.171
369154392 131.735
369154396 118.5
369154404 141.328
369154408 124.826
369154412 144.741
369154420 126.409
369154424 80.6563
369154428 55.6763
369154436 121.776
369154440 122.197
369154444 126.736
369154452 115.258
369154456 115.036
369154460 118.148
369154468 128.49
369154472 121.33
369154476 129.284
369154484 112.192
369154488 127.945
369154492 105.059
369154500 116.403
369154504 138.943
369154508 118.184
369154516 115.955
369154520 112.616
369154524 115.385
369154532 137.142
369154536 122.199
369154540 118.591
369154548 113.612
369154552 116.481
369154556 119.175
369154564 111.028
369154568 123.857
369154572 128.023
369154580 114.837
369154584 127.791
369154588 124.802
369154596 118.897
369154600 114.48
369154604 115.807
369154612 125.007
369154616 112.572
369154620 105.35
369154628 119.191
369154632 112.105
369154636 123.99
369154644 118.97
369154648 116.879
369154652 117.191
369154660 117.74
369154664 124.775
369154668 124.25
369154676 109.905
369154680 108.789
369154684 127.061
369154696 115.022
369154700 113.853
369154708 119.482
369154712 117.046
369154716 118.842
369154724 119.602
369154728 110.765
369154732 114.903
369154740 137.587
369154744 114.148
369154748 114.828
369154756 119.605
369154760 118.417
369154764 140.49
369154772 231.611
369154776 136.968
369154780 127.65
369154788 80.1814
369154792 87.2014
369154796 53.4623
369157140 132.718
369157144 137.672
369157148 142.718
369157156 137.672
369157160 132.718
369157164 127.759
369157172 136.632
369157176 111.459
369157180 100.779
369157204 136.844
369157208 117.392
369157212 105.332
369157220 122.657
369157224 121.812
369157228 110.782
369157236 125.71
369157240 126.549
369157244 123.809
369157252 128.073
369157256 133.955
369157260 126.382
369157268 128.434
369157272 135.071
369157276 118
369157284 118.677
369157288 118.098
369157292 141.708
369157300 134.664
369157304 122.366
369157308 126.99
369157316 107.223
369157320 146.355
369157324 106.332
369157348 136.127
369157352 116.408
369157364 134.764
369157368 137.653
369157372 119.731
369157380 88.6047
369157384 102.715
369157388 95.7909
369157396 110.449
369157400 61.3347
369157404 72.8685
369157412 126.022
369157416 90.7126
369157420 56.0224
369157428 109.361
369157432 61.0805
369157436 121.099
369157444 66.0694
369157448 111.911
369157452 56.0902
369157460 92.5138
369157464 135.934
369157468 50.9602
369157476 93.2637
369157480 105.824
369157484 115.967
369157492 83.313
369157496 86.213
369157500 71.839
369157508 89.043
369157512 60.8629
369157516 57.6959
369157524 80.2055
369157528 73.0355
369157532 62.3512
369157540 83.9059
369157544 79.1255
369157548 75.9512
369157556 84.2399
369157560 80.1285
369157564 66.8161
369157572 84.476
369157576 79.7143
369157580 55.7015
369157588 91.5099
369157592 78.1485
369157596 78.0328
369157604 61.0055
369157608 72.1066
369157612 71.9264
369157620 65.9705
369157624 65.9705
369157628 55.995
369157636 65.9926
369157640 83.4626
369157644 83.3355
369157652 65.9705
369157656 75.1437
369157660 55.995
369157668 87.4347
369157672 78.1301
369157676 51.0789
369157684 81.7667
369157688 71.0419
369157692 61.0689
369157700 66.0486
369157704 91.7947
369157708 61.0601
369157716 61.0689
369157720 71.0419
369157724 56.0794
369157732 122.857
369157736 118.272
369157740 65.3477
369157748 107.032
369157752 127.772
369157756 127.826
369157764 128.402
369157768 123.462
369157772 138.516
369157780 120.899
369157784 121.133
369157788 121.133
369157796 128.354
369157800 116.714
369157804 121.451
369157812 123.762
369157816 131.244
369157820 126.352
369157828 130.899
369157832 130.899
369157836 130.899
369158164 102.969
369158168 112.959
369158172 126.359
369158196 70.5191
369158200 120.512
369158204 135.526
369158276 114.811
369158280 60.5074
369158284 93.4511
369158292 118.795
369158296 80.9915
369158300 115
369158308 83.9929
369158312 117.698
369158316 135
369158324 119.746
369158328 -73.1557
369158332 107.048
369158340 107.73
369158344 107.807
369158348 136.038
369158356 94.5817
369158364 111.032
369158372 115.982
369158388 113.346
369158392 42.0641
369158396 126.002
369158404 125.829
369158408 135.829
369158412 106.349
369158420 117.56
369158424 106.369
369158428 105.829
369158436 117.883
369158440 117.863
369158444 113.701
369158452 119.025
369158456 115.829
369158460 98.4672
369158468 118.126
369158472 135.697
369158476 121.585
369158484 96.5838
369158488 130.737
369158492 125.746
369158500 117.185
369158504 126.595
369158508 115.065
369158516 127.09
369158520 117.448
369158524 117.033
369158532 117.369
369158536 126.697
369158540 118.157
369158548 139.728
369158552 126.372
369158556 127.773
369158564 121.43
369158568 114.356
369158572 136.316
369158580 127.363
369158584 129.159
369158588 117.512
369158596 115.487
369158600 111.252
369158604 126.794
369158612 117.582
369158616 125.522
369158620 124.539
369158628 116.311
369158632 122.824
369158636 144.993
369158644 115.611
369158648 116.973
369158652 170
369158660 119.641
369158664 119.104
369158668 130.723
369158676 119.873
369158680 97.7439
369158684 118.765
369158692 120.808
369158696 115.816
369158700 113.376
369158708 113.18
369158712 112.598
369158716 125.8
369158724 145.75
369158728 -29.325
369158732 117.07
369158756 145.75
369158760 107.69
369158764 117.058
369158772 108.743
369158776 90.3814
369158780 126.876
369158788 118.104
369158792 118.897
369158796 109.801
369158804 131.664
369158808 118.048
369158812 118.572
369158820 103.575
369158824 121.913
369158828 116.866
369158836 121.11
369158840 128.087
369158844 106.873
369158852 128.224
369158856 106.307
369158860 104.164
369158868 158.087
369158872 133.025
369158876 119.942
369158888 127.585
369158892 142.521
369169428 115.783
369169432 125.985
369169436 119.245
369169444 103.221
369169448 107.056
369169452 129.103
369169460 118.064
369169464 124.366
369169468 112.062
369169476 108.011
369169480 109.614
369169484 105.863
369169492 109.614
369169496 124.127
369169500 118.07
369169508 132.868
369169512 60.6204
369169516 108.44
369169524 106.597
369169528 113.454
369169556 145.764
369169560 115.303
369169564 107.19
369169572 108.041
369169576 104.77
369169580 105.485
369169588 105.557
369169592 99.4238
369169596 99.1078
369169620 116.078
369169624 97.2809
369169628 101.333
369169636 101.056
369169640 106.186
369169644 107.574
369169652 130.759
369169656 103.476
369169660 119.494
369169668 140.788
369169672 104.806
369169676 117.055
369169684 115.776
369169688 160
369169692 120.472
369169700 136.073
369169704 107.216
369169708 117.593
369169716 110.695
369169720 100.237
369169724 117.846
369169732 117.558
369169736 131.257
369169740 113.112
369169764 131.531
369169768 114.609
369169772 119.198
369169780 131.076
369169784 115.238
369169788 122.071
369169796 107.094
369169800 106.343
369169804 107.613
369169812 125.525
369169816 115.147
369169820 100.425
369169828 146.892
369169832 122.783
369169836 109.612
369169844 110.599
369169848 105.608
369169852 95.8148
369169860 93.1861
369169864 113.613
369169868 150
369169876 102.216
369169880 114.936
369169884 80.763
369169892 104.342
369169896 134.499
369169900 -18.8315
369169908 100.301
369169912 113.944
369169916 107.668
369169924 115.597
369169928 110.602
369169932 99.6127
369169956 123.702
369169960 106.824
369169964 108.769
369169972 97.5672
369169976 125.671
369169980 110.777
369169988 130.864
369169992 124.742
369169996 116.152
369170004 120.895
369170008 115.097
369170012 150
369170020 115.91
369170024 79.5592
369170028 102.499
369170036 108.608
369170040 105.2
369170052 96.734
369170056 88.8871
369170060 86.7971
369170068 60.7907
369170072 55.7987
369170076 70.9387
369170084 84.3307
369170088 108.761
369170092 55.7987
369170116 88.0674
369170120 79.7174
369170124 72.8427
369170132 65.3558
369170136 81.6498
369170140 74.1462
369170164 103.901
369170168 116.559
369170172 114.373
369170180 100.938
369170184 96.906
369170188 109.468
369170196 119.734
369170200 112.499
369170204 104.409
369170212 107.736
369170216 102.246
369170220 124.542
369170228 133.79
369170232 101.752
369170236 120.246
369170244 118.817
369170248 92.1989
369170252 111.204
369170468 104.398
369170472 101.494
369170476 111.476
369170484 107.161
369170488 105.07
369170492 108.396
369170516 117.341
369170520 106.18
369170524 110.371
369170532 107.838
369170536 102.374
369170540 109.217
369170548 103.597
369170552 107.968
369170556 113.57
369170564 115.6
369170572 97.1869
369170580 104.3
369170584 89.6819
369170588 105.972
369170596 100.669
369170600 150
369170604 108.502
369170612 78.2755
369170616 109.789
369170620 64.6142
369170628 115.638
369170632 95.1347
369170636 120.628
369170644 88.4865
369170648 104.108
369170652 92.5572
369170660 59.6182
369170664 97.3536
369170668 128.03
369170676 103.016
369170680 103.539
369170684 103.436
369170692 97.2486
369170696 107.678
369170700 123.638
369170708 116.718
369170712 96.0266
369170716 95.9966
369170724 115.391
369170728 104.641
369170732 107.359
369170740 99.2212
369170744 114.31
369170748 105.028
369170756 109.378
369170760 111.769
369170764 108.373
369170772 73.1085
369170776 74.3985
369170780 64.7526
369170788 75.7441
369170792 92.8495
369170796 70.8182
369170804 95.954
369170808 88.7885
369170812 88.2385
369170820 88.4941
369170824 93.7295
369170828 88.7741
369170836 87.0623
369170840 91.1676
369170844 82.6765
369170852 78.3121
369170856 88.5542
369170860 86.5742
369170868 86.7223
369170872 87.3723
369170876 83.2565
369170884 89.0196
369170888 82.7083
369170892 84.2483
369170900 95.6738
369170904 109.167
369170908 114.305
369170916 95.8785
369170920 96.9647
369170924 110.421
369170932 97.413
369170936 94.3374
369170940 97.5007
369170948 114.17
369170952 117.272
369170956 103.761
369170964 108.595
369170968 112.663
369170972 104.322
369170980 84.9233
369170984 107.073
369170988 104.683
369170996 110.394
369171000 103.685
369171004 120.382
369171028 106.136
369171032 104.616
369171036 97.3227
369171060 104.819
369171064 100.12
369171068 98.8411
369171076 113.776
369171080 109.374
369171084 98.3431
369171092 96.2681
369171096 105.454
369171100 97.9339
369171108 110.694
369171112 105.63
369171116 106.217
369171140 105.19
369171144 128.964
369171148 99.0043
369171156 106.117
369171160 126.379
369171164 119.019
369171172 122.682
369171176 122.317
369171180 117.872
369171268 91.3267
369171272 103.46
369171276 89.1267
369171332 100.304
369171336 88.7766
369171340 106.454
369173524 83.1857
369173528 85.5726
369173532 104.602
369173540 104.906
369173544 107.05
369173548 122.89
369173556 90.2588
369173560 120.84
369173564 107.62
369173572 110.437
369173576 125.857
369173580 115.769
369173588 128.77
369173592 105.881
369173596 139.43
369173604 102.176
369173608 101.859
369173612 95.3658
369173620 113.268
369173624 107.545
369173628 124.48
369173636 150
369173640 114.073
369173644 120.589
369173652 115.594
369173656 112.81
369173660 108.594
369173668 160
369173672 106.53
369173676 115.61
369173684 116.829
369173688 114.087
369173692 109.197
369173700 124.957
369173704 115.675
369173708 114.623
369173716 104.828
369173720 105.879
369173724 113.936
369173732 115.641
369173736 114.474
369173740 110.249
369173748 116.319
369173752 107.938
369173756 115.231
369173764 110.14
369173768 122.518
369173772 116.123
369173780 125.437
369173784 113.52
369173788 105.711
369173796 109.442
369173800 106.112
369173804 123.016
369173812 104.319
369173816 106.567
369173820 120.21
369173828 122.867
369173832 108.825
369173836 106.773
369173844 81.954
369173848 74.3297
369173852 76.2497
369173860 50.7247
369173864 90.534
369173876 50.5333
369173880 93.8053
369173884 97.0296
369173892 96.0328
369173896 68.1682
369173900 99.8782
369173908 55.6182
369173912 72.3782
369173916 60.613
369173924 93.3113
369173928 91.5813
369173932 93.0513
369173940 77.5036
369173944 75.3476
369173948 55.5876
369173956 77.8637
369173960 75.9675
369173964 55.4975
369173972 60.5836
369173976 55.5876
369173980 70.7711
369173988 60.5787
369173992 80.2387
369173996 55.5828
369174004 55.5828
369174008 60.5787
369174012 77.8428
369174020 60.497
369174024 60.497
369174028 77.427
369174036 72.0027
369174040 68.0345
369174044 93.8356
369174052 80.2029
369174056 55.6587
369174060 94.7639
369174068 55.6587
369174072 60.6529
369174076 81.6787
369174084 60.6466
369174088 66.4997
369174092 96.7936
369174100 90.5
369174104 60.6466
369174108 125.665
369174116 60.624
369174120 126.727
369174124 60.624
369174132 65.618
369174136 65.618
369174140 77.2138
369174148 113.294
369174152 126.647
369174156 108.557
369174164 88.9518
369174168 114.338
369174172 122.786
369174180 112.972
369174184 135.493
369174188 103.22
369174196 130.233
369174200 115.64
369174204 109.331
369174212 105.51
369174216 125.428
369174220 110.505
369174228 112.852
369174232 106.305
369174236 111.958
369174244 116.129
369174248 113.122
369174252 95.9321
369174260 126.935
369174264 115.802
369174268 98.9814
369174276 96.523
369174280 99.3113
369174284 115.674
369174292 103.926
369174296 110.413
369174300 107.66
369174308 99.6583
369174312 103.229
369174316 105.855
369174324 106.084
369174328 100.469
369174332 123.121
369174340 104.223
369174344 107.287
369174348 105.443
369174548 97.7298
369174552 112.168
369174556 81.5671
369174564 97.7642
369174568 97.6757
369174572 93.8251
369174580 97.4377
369174584 137.443
369174588 120.392
369174596 98.9463
369174600 115.938
369174604 60.401
369174612 83.6158
369174616 105.23
369174620 103.622
369174628 98.1351
369174632 120.91
369174636 103.175
369174644 98.1477
369174648 115.528
369174652 117.826
369174660 108.057
369174664 105.591
369174668 101.151
369174676 101.581
369174680 98.6047
369174684 98.2167
369174692 94.8374
369174696 110.81
369174700 126.992
369174708 103.32
369174712 104.444
369174716 124.085
369174724 108.438
369174728 106.915
369174732 132.469
369174740 99.2262
369174744 110.53
369174748 107.658
369174756 113.898
369174760 100.504
369174764 98.6695
369174796 100.321
369174808 99.2947
369174820 102.953
369174824 105.123
369174828 101.615
369174836 110.487
369174840 105.323
369174844 112.363
369174852 102.729
369174856 100.965
369174860 97.5314
369174868 70.7434
369174872 101.068
369174876 89.6423
369174884 87.8675
369174888 120.588
369174892 86.2313
369174900 86.9479
369174904 71.1062
369174908 68.169
369174916 95.8177
369174920 120.246
369174924 91.722
369174932 99.0577
369174936 81.0238
369174940 81.1419
369174948 63.5625
369174952 70.9295
369174956 90.7301
369174980 94.46
369174984 121.459
369174988 93.3211
369174996 108.09
369175000 95.4003
369175004 116.68
369175012 107.863
369175016 84.8464
369175020 95.1805
369175028 106.453
369175032 90.6055
369175036 145.433
369175044 79.3641
369175048 75.7555
369175052 108.878
369175060 97.6668
369175064 125.568
369175068 -16.9138
369175076 99.9038
369175080 94.6512
369175084 112.028
369175092 100.754
369175096 123.283
369175100 83.9116
369175108 93.6818
369175112 86.0126
369175116 -171.918
369175124 106.33
369175128 118.553
369175132 93.3032
369175140 80.3878
369175144 123.189
369175148 61.3133
369175156 129.935
369175160 77.1149
369175164 90.1887
369175172 74.3615
369175176 101.847
369175180 88.631
369175188 72.5683
369175192 92.6305
369175196 86.7052
369175204 89.9492
369175208 110.557
369175212 74.5354
369175220 105.999
369175224 129.61
369175228 78.1188
369175236 97.3951
369175240 82.5268
369175244 129.507
369175252 109.895
369175256 96.5143
369175260 104.094
369175268 96.4347
369175272 120.466
369175276 99.0792
369175284 134.737
369175288 86.0478
369175292 77.0158
369175300 117.524
369175304 100.575
369175308 95.1281
369175316 76.2064
369175320 105.126
369175324 92.0158
369175332 77.2991
369175336 104.239
369175340 73.6353
369175348 96.3978
369175352 115.441
369175356 61.956
369175364 120.765
369175368 94.4362
369175372 106.679
369175380 60.3113
369175384 -20.8838
369175388 73.0023
369175396 89.468
369175400 120.768
369175404 73.6124
369175412 77.688
369175416 95.4127
369175420 102.647
