410 10
420 20
430 130.818
402664069 103.142
402664070 161.2
402664073 152.734
402664074 138.789
402664077 122.416
402664078 140.152
402664081 88.0848
402664082 149.742
402664085 151.066
402664086 160.929
402664089 118.821
402664090 104.902
402664093 136.652
402664094 150.927
402664097 103.023
402664098 151.409
402664101 152.778
402664102 38.7907
402664105 103.107
402664106 144.839
402664109 153.459
402664110 164.161
402664113 141.917
402664114 137.711
402664197 157.518
402664198 138.376
402664201 102.851
402664202 102.859
402664205 102.851
402664206 150.565
402664209 139.986
402664210 150.683
402664213 129.817
402664214 140.502
402664217 103.973
402664218 156.477
402664233 110.477
402664234 170.206
402664237 102.97
402664238 149.405
402664241 105.919
402664242 104.949
402664581 48.6972
402664585 124.297
402664586 127.567
402664589 48.5282
402664590 58.4279
402664593 48.5282
402664594 48.4943
402664597 73.5481
402664598 116.533
402664601 38.8244
402664602 38.7553
402664605 103.394
402664606 103.279
402664609 48.3723
402664610 88.1799
402664613 38.4186
402664614 38.486
402664617 58.3324
402664618 88.1799
402664621 117.871
402664622 117.224
402664625 58.6243
402664626 103.288
402664709 88.356
402664710 88.2241
402664713 48.5482
402664714 48.4225
402664717 73.3699
402664718 88.1809
402664721 88.2827
402664722 103.103
402664725 58.4758
402664726 88.1809
402664729 121.952
402664730 120.464
402664733 48.4002
402664734 87.9378
402664737 88.0624
402664738 87.9378
402664741 118.276
402664742 119.046
402664745 122.072
402664746 120.168
402664749 88.4384
402664750 48.6619
402664753 103.306
402664754 103.172
402665092 133.4
402665096 107.482
402665100 107.083
402665104 110.268
402665108 124.163
402665112 103.986
402665116 128.688
402665120 131.235
402665124 115.372
402665128 111.877
402665132 120.539
402665136 122.03
402665140 139.236
402665144 155.546
402665148 138.626
402665152 155.452
402665156 152.978
402665160 29.4198
402665164 136.143
402665168 103.916
402665220 89.1174
402665224 144.638
402665228 103.973
402665232 119.485
402665236 99.4436
402665240 104.041
402665244 136.946
402665248 104.114
402665252 104.114
402665256 104.114
402665260 142.051
402665264 116.026
402665268 144.856
402665272 118.447
402665276 143.612
402665280 145.42
402665284 138.011
402665288 135.41
402665292 143.986
402665296 107.467
402666117 143.474
402666118 151.567
402666121 150.375
402666122 141.286
402666126 134.72
402666130 144.024
402666134 162.928
402666142 158.741
402666145 160.772
402666146 169.698
402666149 163.376
402666150 157.224
402666153 148.455
402666154 148.789
402666157 118.268
402666158 156.45
402666161 143.483
402666162 150.629
402666245 144.837
402666246 151.308
402666249 102.738
402666250 102.724
402666253 166.231
402666254 153.965
402666257 95.7502
402666258 117.997
402666261 157.729
402666262 148.917
402666273 145.326
402666274 162.06
402666277 95.5776
402666278 157.937
402666281 154.18
402666282 157.636
402666285 146.603
402666286 144.67
402666289 102.86
402666290 154.297
402666637 69.2998
402666638 70.1784
402666645 87.8343
402666646 120.362
402666649 38.244
402666650 38.4403
402666653 124.956
402666654 119.435
402666657 48.1378
402666658 112.179
402666661 38.2017
402666662 28.6475
402666665 87.9553
402666666 103.022
402666757 47.9504
402666758 87.7431
402666761 87.7381
402666762 57.9987
402666765 71.9472
402666766 129.457
402666769 57.057
402666770 117.458
402666773 57.057
402666774 47.1155
402666778 42.1119
402666781 42.3816
402666782 42.1119
402666785 80.9546
402666786 90.5092
402666789 44.619
402666790 83.9206
402666793 83.5455
402666794 102.927
402666797 120.334
402666801 47.9504
402666802 87.7431
402667140 103.839
402667144 126.934
402667148 118.246
402667152 121.706
402667156 127.7
402667160 130.521
402667164 142.551
402667168 148.593
402667172 124.75
402667176 145.067
402667180 142.092
402667184 104.063
402667188 124.663
402667192 150.397
402667196 147.989
402667200 168.747
402667204 131.9
402667208 144.995
402667212 152.134
402667216 142.103
402667268 142.292
402667272 139.579
402667276 116.753
402667280 137.125
402667284 103.751
402667288 130.261
402667292 144.052
402667296 127.254
402667300 144.956
402667304 140.22
402667308 144.301
402667312 136.572
402667316 137.578
402667320 142.482
402667324 130.014
402667328 112.187
402667332 139.052
402667336 131.346
402667340 140.276
402667344 142.707
402668165 151.191
402668166 155.591
402668169 73.2628
402668170 137.334
402668173 152.979
402668174 133.576
402668177 156.788
402668178 126.045
402668181 157.427
402668182 162.512
402668185 112.339
402668186 153.01
402668189 102.822
402668190 152.987
402668193 73.0572
402668194 151.436
402668197 156.755
402668198 157.893
402668201 147.352
402668202 169.214
402668205 103.097
402668206 141.954
402668209 142.11
402668210 151.933
402668293 152.432
402668294 150.726
402668297 102.861
402668298 148.56
402668301 169.124
402668302 149.399
402668305 138.394
402668306 145.997
402668309 73.1475
402668310 73.1289
402668313 102.905
402668314 102.89
402668317 102.568
402668318 151.747
402668321 147.609
402668322 160.316
402668325 58.0408
402668326 110.935
402668329 102.978
402668330 148.366
402668333 143.639
402668334 167.409
402668337 102.978
402668338 103.009
402668677 58.3975
402668678 73.2731
402668681 73.4683
402668682 58.4104
402668685 114.939
402668686 103.19
402668689 103.332
402668690 88.2504
402668693 58.2948
402668694 119.107
402668697 38.4047
402668698 119.77
402668701 48.3457
402668702 119.556
402668705 103.108
402668706 102.883
402668709 129.377
402668710 119.761
402668713 88.1978
402668714 87.9789
402668717 88.2441
402668718 88.1774
402668721 88.2441
402668722 118.778
402668805 88.1655
402668806 119.647
402668809 58.2705
402668810 73.2145
402668813 58.3523
402668814 88.1895
402668817 73.2945
402668818 107.891
402668821 58.3523
402668822 58.3848
402668825 88.29
402668826 88.1649
402668829 18.7268
402668830 18.6562
402668833 58.4224
402668834 88.1649
402668837 48.5797
402668838 38.5523
402668841 103.347
402668842 103.259
402668845 58.5241
402668846 73.365
402668849 48.3154
402668850 88.1246
402669188 103.949
402669192 138.878
402669196 136.67
402669200 140.478
402669204 121.214
402669208 118.692
402669212 139.337
402669216 103.852
402669220 123.058
402669224 142.925
402669228 140.603
402669232 146.171
402669236 104.127
402669240 104.127
402669244 131.553
402669248 139.086
402669252 124.962
402669256 133.775
402669260 141.191
402669264 118.899
402669316 146.169
402669320 103.837
402669324 121.951
402669328 121.395
402669332 103.307
402669336 140.249
402669340 118.227
402669344 103.726
402669348 103.726
402669352 134.603
402669356 138.761
402669360 120.626
402669364 123.821
402669368 126.511
402669372 126.148
402669376 140.617
402669380 122.762
402669384 103.837
402669388 143.872
402669392 141.196
402672261 87.8931
402672262 139.626
402672265 102.744
402672266 156.795
402672269 105.801
402672270 124.769
402672273 135.226
402672274 150.168
402672277 150.385
402672278 150.672
402672281 147.819
402672282 154.957
402672285 137.644
402672286 142.506
402672289 143.179
402672290 38.5812
402672293 123.359
402672294 136.186
402672297 138.38
402672298 139.242
402672301 149.822
402672302 145.217
402672305 150.133
402672306 163.611
402672389 143.833
402672390 153.379
402672393 128.423
402672397 48.6585
402672401 88.3308
402672405 144.636
402672406 148.873
402672409 58.3975
402672410 152.498
402672413 145.576
402672414 105.91
402672417 107.533
402672418 121.311
402672421 112.112
402672422 149.61
402672425 48.1058
402672426 139.84
402672429 118.781
402672430 139.211
402672433 128.703
402672434 136.74
402672773 38.357
402672774 38.3727
402672777 48.3343
402672778 58.296
402672781 88.2084
402672782 88.1399
402672785 88.2084
402672786 88.1399
402672789 88.2084
402672790 48.3878
402672793 118.052
402672794 88.1892
402672797 91.12
402672798 88.3049
402672801 101.105
402672802 38.5416
402672805 48.5654
402672806 88.1981
402672809 96.1166
402672810 88.1981
402672813 88.2886
402672814 73.2833
402672817 48.3343
402672818 48.3316
402672901 88.1639
402672902 48.4045
402672905 48.3874
402672906 48.4045
402672909 103.193
402672910 120.594
402672913 73.359
402672914 88.1946
402672917 88.2683
402672918 73.2934
402672921 88.165
402672922 48.4456
402672925 38.6241
402672926 109.34
402672929 106.043
402672930 123.331
402672933 38.4792
402672934 38.3561
402672937 88.1802
402672938 88.0597
402672941 88.1802
402672942 88.0597
402672945 48.3874
402672946 112.494
402673284 103.995
402673288 120.047
402673292 128.857
402673296 124.2
402673300 125.967
402673304 119.623
402673308 136.146
402673312 122.041
402673316 114.257
402673320 118.198
402673324 103.998
402673328 123.364
402673332 127.39
402673336 138.735
402673340 123.678
402673344 121.609
402673348 117.008
402673352 104.169
402673356 104.169
402673360 118.951
402673412 119.098
402673416 141.798
402673420 127.998
402673424 138.538
402673428 135.56
402673432 139.007
402673436 128.618
402673440 113.052
402673444 116.739
402673448 104.031
402673452 126.879
402673456 126.351
402673460 122.276
402673464 123.839
402673468 121.671
402673472 118.89
402673476 115.357
402673480 89.2363
402673484 119.992
402673488 144.239
402674310 150.03
402674313 159.772
402674314 164.127
402674317 139.712
402674318 156.273
402674321 141.048
402674322 142.291
402674325 108.092
402674326 164.404
402674329 87.8284
402674330 159.041
402674333 112.465
402674334 105.886
402674337 145.062
402674338 150.982
402674341 156.889
402674342 168.828
402674345 150.764
402674346 165.629
402674350 141.814
402674354 166.419
402674437 143.405
402674438 145.921
402674441 103.159
402674442 157.052
402674445 141.153
402674446 161.486
402674449 141.65
402674450 145.876
402674453 102.943
402674454 146.496
402674457 142.597
402674458 145.085
402674461 140.048
402674462 145.145
402674465 141.799
402674466 145.944
402674469 141.149
402674470 141.185
402674473 152.436
402674474 151.915
402674477 150.489
402674478 158.435
402674481 103.085
402674482 151.206
402674821 114.826
402674822 88.359
402674825 73.4768
402674826 103.287
402674829 88.5318
402674830 73.5302
402674833 115.702
402674834 88.4525
402674838 132.919
402674841 48.5768
402674842 88.3807
402674845 18.7668
402674846 75.5001
402674849 88.4294
402674850 73.4491
402674853 103.423
402674854 88.4357
402674857 88.4774
402674858 88.4357
402674861 58.6212
402674862 88.4357
402674865 88.3926
402674866 58.549
402674949 58.2402
402674950 58.1201
402674953 88.0669
402674954 58.1201
402674957 103.265
402674958 103.155
402674961 88.3478
402674962 58.4429
402674965 103.265
402674966 48.5338
402674969 103.059
402674970 73.1064
402674973 48.4071
402674974 73.1064
402674977 119.063
402674978 188.866
402674981 73.1186
402674982 73.0266
402674985 88.021
402674986 87.9257
402674989 88.021
402674990 87.9257
402674993 88.0669
402674994 87.9278
402675332 135.702
402675336 103.943
402675340 103.943
402675344 103.943
402675348 117.238
402675352 103.939
402675356 144.304
402675360 105.991
402675364 100.403
402675368 142.912
402675380 104.071
402675384 116.41
402675388 115.235
402675392 104.149
402675396 108.662
402675400 142.548
402675404 104.149
402675408 138.786
402675460 135.18
402675464 124.531
402675468 106.145
402675472 59.1732
402675476 142.041
402675480 129.997
402675484 103.934
402675488 121.042
402675492 124.223
402675496 136.456
402675500 104.885
402675504 122.468
402675508 137.438
402675512 89.079
402675516 121.267
402675520 104.172
402675524 136.712
402675528 122.747
402675532 104.172
402675536 109.699
402676357 151.868
402676358 151.398
402676361 143.403
402676362 155.215
402676365 143.999
402676366 155.825
402676369 102.856
402676370 139.743
402676373 176.395
402676374 154.128
402676377 140.557
402676378 154.421
402676381 143.689
402676382 48.6114
402676385 150.404
402676386 169.768
402676389 141.701
402676390 156.051
402676393 140.361
402676394 169.179
402676397 88.1275
402676398 137.067
402676401 152.219
402676402 153.396
402676485 164.571
402676486 167.271
402676489 152.532
402676490 151.783
402676493 58.3351
402676494 142.659
402676497 58.3351
402676498 176.733
402676501 154.742
402676502 155.784
402676505 139.998
402676506 155.094
402676509 106.463
402676510 150.992
402676513 48.5171
402676514 144.645
402676517 165.579
402676518 150.347
402676521 140.522
402676522 154.617
402676525 87.9526
402676526 152.29
402676529 95.3246
402676530 152.626
402676869 110.796
402676870 88.3941
402676873 88.4922
402676874 88.3941
402676877 88.2866
402676878 88.2058
402676881 88.2866
402676882 88.2058
402676885 58.428
402676886 73.2841
402676889 88.2529
402676890 132.341
402676893 88.2529
402676894 88.198
402676897 88.2529
402676898 120.046
402676901 103.211
402676902 120.401
402676905 88.2845
402676906 88.1923
402676909 88.2845
402676910 128.134
402676913 48.7106
402676997 88.2597
402676998 88.1108
402677001 73.3477
402677002 88.1108
402677005 88.3121
402677006 73.3014
402677009 88.3121
402677010 88.218
402677013 88.3121
402677014 103.149
402677017 73.3382
402677018 58.3465
402677021 48.4986
402677022 73.2391
402677025 103.202
402677026 120.568
402677029 103.245
402677030 103.217
402677033 88.3101
402677034 103.217
402677037 58.4836
402677038 73.4079
402677041 129.75
402677042 118.204
402677380 123.495
402677384 126.709
402677388 132.443
402677392 132.46
402677396 131.983
402677400 123.336
402677404 103.945
402677408 146.201
402677412 103.945
402677416 148.856
402677420 114.624
402677424 89.1023
402677428 142.373
402677432 122.543
402677436 111.395
402677440 103.918
402677444 117.426
402677448 89.2112
402677452 104.177
402677456 146.696
402677508 139.015
402677512 137.93
402677516 122.945
402677520 142.827
402677524 130.684
402677528 103.998
402677532 141.156
402677536 146.046
402677540 140.704
402677544 147.358
402677548 143.178
402677552 139.612
402677556 137.659
402677560 111.089
402677564 145.979
402677568 136.671
402677572 104.178
402677576 148.674
402677580 89.2172
402677584 89.0536
