436228133 147.361
436228134 197.361
436228137 187.491
436228138 228.518
436228141 157.43
436228142 188.43
436228149 132.511
436228150 181.62
436228153 177.491
436228154 163.898
436228165 176.274
436228166 192.301
436228169 196.326
436228170 166.766
436228173 155.956
436228174 197.326
436228177 210.349
436228178 175.349
436228181 144.268
436228182 202.348
436228185 178.408
436228186 162.371
436228197 172.402
436228198 162.402
436228201 178.51
436228202 220.51
436228205 132.466
436228206 196.466
436228209 195.536
436228210 225.51
436228213 162.466
436228214 208.466
436228217 221.536
436228218 182.482
436228229 145.124
436228230 207.558
436228233 152.305
436228234 192.305
436228237 139.009
436228238 162.328
436228241 147.324
436228242 177.324
436228245 156.698
436228246 162.328
436228249 152.305
436228250 182.305
436228261 187.402
436228262 167.402
436228265 147.537
436228266 171.36
436228269 167.471
436228270 157.471
436228273 162.617
436228274 152.566
436228277 162.553
436228278 142.501
436228281 105.274
436228282 182.504
436228293 162.558
436228294 177.21
436228297 137.28
436228298 172.256
436228301 192.284
436228302 172.238
436228305 142.302
436228306 172.302
436228309 212.284
436228310 162.284
436228313 147.28
436228314 172.302
436228325 177.427
436228326 192.394
436228329 182.501
436228330 202.437
436228333 172.456
436228334 157.427
436228337 162.501
436228338 192.501
436228342 147.427
436228345 162.501
436228346 182.501
436228357 169.327
436228358 162.697
436228361 182.239
436228365 157.347
436228366 153.347
436228369 182.331
436228370 177.265
436228373 166.347
436228377 182.289
436228378 219.289
436228389 216.625
436228390 207.547
436228393 192.749
436228394 152.654
436228397 233.602
436228398 197.602
436228401 172.707
436228402 152.707
436228405 152.625
436228406 192.625
436228409 112.288
436228410 149.352
436228421 172.434
436228422 157.408
436228425 172.479
436228426 197.501
436228429 127.457
436228430 182.434
436228433 187.501
436228434 172.521
436228437 142.514
436228438 162.478
436228441 142.555
436228442 162.555
436228453 182.681
436228454 134.121
436228457 186.534
436228458 160.764
436228461 162.729
436228462 137.366
436228465 173.814
436228466 172.814
436228469 162.729
436228470 198.729
436228473 209.814
436228474 212.814
436228485 167.473
436228486 157.473
436228489 180.328
436228490 182.478
436228493 177.473
436228494 157.473
436228497 182.519
436228498 162.553
436228501 172.495
436228502 145.053
436228505 172.519
436228506 162.553
436228517 162.539
436228518 182.539
436228521 172.694
436228522 202.646
436228525 157.57
436228526 147.57
436228529 134.414
436228530 202.734
436228533 132.598
436228534 202.598
436228537 146.854
436228538 202.694
436228549 180.459
436228550 142.448
436228553 187.456
436228554 190.456
436228557 175.512
436228558 175.479
436228561 142.476
436228562 172.476
436228565 192.479
436228566 161.839
436228569 132.511
436228570 172.511
436228581 212.674
436228582 167.609
436228585 207.687
436228586 172.66
436228589 217.609
436228590 182.633
436228593 172.752
436228594 162.711
436228597 212.633
436228598 172.633
436228601 162.752
436228602 152.752
436228613 187.453
436228614 202.432
436228617 197.514
436228618 157.46
436228621 182.472
436228622 155.835
436228625 164.29
436228626 137.46
436228629 172.472
436228630 193.472
436228633 151.949
436228634 132.514
436228646 172.524
436228649 192.6
436228653 152.577
436228654 167.552
436228661 132.577
436228662 147.552
436228665 216.695
436228677 165.482
436228681 185.357
436228685 134.936
436228686 146.401
436228689 187.419
436228690 225.419
436228693 161.42
436228694 153.98
436228697 192.419
436228698 217.419
436228709 221.638
436228710 217.522
436228713 187.611
436228714 152.643
436228717 208.598
436228718 192.638
436228721 197.671
436228722 142.696
436228725 220.638
436228726 182.638
436228729 182.696
436228730 122.696
436228741 164.399
436228742 207.399
436228745 192.428
436228746 177.36
436228749 117.379
436228750 172.418
436228753 192.428
436228754 177.408
436228757 142.418
436228758 177.399
436228761 152.428
436228762 182.428
436228773 177.507
436228774 197.454
436228777 172.54
436228778 187.513
436228781 224.53
436228782 167.507
436228785 189.585
436228786 165.065
436228789 211.82
436228790 187.507
436228793 162.623
436228794 175.245
436228805 192.292
436228806 207.292
436228809 200.329
436228810 167.347
436228813 172.359
436228814 167.961
436228817 165.364
436228818 162.364
436228821 182.328
436228822 153.848
436228825 201.364
436228826 162.364
436228837 172.22
436228838 222.173
436228841 211.731
436228845 147.262
436228849 180.731
436228850 233.731
436228853 154.262
436228854 202.301
436228857 162.752
436228858 189.152
436228869 104.01
436228874 197.194
436228877 207.85
436228881 172.354
436228882 201.604
436228885 180.35
436228886 177.35
436228889 172.354
436228890 182.354
436228901 157.438
436228902 159.438
436228905 202.577
436228909 144.42
436228913 157.6
436228914 172.621
436228917 132.526
436228921 122.716
436228922 182.621
436228933 102.371
436228934 181.276
436228937 215.26
436228938 182.26
436228941 182.34
436228942 172.311
436228949 182.311
436228950 165.011
436228953 179.294
436228965 202.427
436228966 192.427
436228969 179.508
436228973 205.427
436228974 195.427
436228977 219.554
436228981 203.504
436228985 177.532
436228986 146.024
436228997 207.293
436228998 172.269
436229001 152.241
436229002 192.241
436229005 172.315
436229006 162.315
436229009 137.268
436229010 187.268
436229013 192.315
436229014 182.355
436229017 132.292
436229018 182.292
436229029 217.396
436229030 177.338
436229033 162.498
436229034 192.498
436229037 202.464
436229038 172.42
436229041 162.539
436229042 182.539
436229045 182.42
436229046 162.42
436229049 177.519
436229050 187.519
436229061 132.902
436229062 177.19
436229065 187.307
436229066 192.289
436229069 120.028
436229070 167.244
436229073 167.307
436229074 177.307
436229077 167.244
436229078 167.244
436229081 152.354
436229082 172.324
436229093 167.353
436229094 174.673
436229097 152.527
436229098 172.481
436229101 152.439
436229102 212.385
436229105 157.505
436229106 167.505
436229109 157.413
436229110 167.413
436229113 147.505
436229114 157.505
436229125 177.222
436229126 144.567
436229129 172.373
436229133 147.277
436229134 161.361
436229137 177.308
436229141 142.301
436229142 161.277
436229145 152.332
436229146 148.058
436229157 152.41
436229158 213.41
436229161 182.514
436229162 202.514
436229165 187.442
436229166 202.85
436229170 172.564
436229173 173.442
436229174 169.792
436229177 177.54
436229178 113.858
436229189 122.096
436229190 207.237
436229193 236.263
436229194 157.263
436229197 177.237
436229198 190.211
436229201 204.286
436229202 152.286
436229205 187.237
436229206 187.237
436229209 178.996
436229210 132.286
436229221 187.332
436229222 217.332
436229225 142.508
436229226 162.508
436229229 186.665
436229230 92.4256
436229233 156.458
436229234 167.538
436229237 187.397
436229238 167.397
436229241 184.298
436229242 172.508
436229253 177.224
436229254 157.224
436229257 167.28
436229258 162.256
436229261 172.254
436229262 152.254
436229265 177.28
436229266 227.28
436229269 167.282
436229270 147.282
436229273 28.1502
436229274 162.256
436229285 187.248
436229286 213.198
436229289 200.268
436229290 222.268
436229293 167.33
436229294 192.365
436229297 202.307
436229298 171.307
436229301 162.365
436229302 206.292
436229317 172.223
436229318 187.186
436229321 167.242
436229322 187.177
436229325 182.287
436229326 167.256
436229329 167.242
436229330 182.27
436229333 167.256
436229334 202.287
436229337 162.27
436229338 182.27
436229349 172.361
436229350 187.322
436229353 187.436
436229354 187.436
436229357 177.395
436229358 202.426
436229361 147.436
436229362 137.436
436229365 185.695
436229366 193.426
436229369 173.806
436229370 147.436
436229381 142.419
436229382 167.419
436229385 162.401
436229386 220.507
436229389 147.449
436229390 132.939
436229393 162.459
436229394 212.459
436229397 135.546
436229398 156.379
436229401 162.459
436229402 162.507
436229414 177.518
436229417 192.529
436229421 145.552
436229422 177.518
436229425 187.588
436229426 173.388
436229429 177.518
436229430 177.518
436229433 179.47
436229434 212.588
436229445 187.282
436229446 202.311
436229449 172.308
436229450 212.356
436229453 167.337
436229454 152.36
436229458 183.356
436229461 132.36
436229462 152.36
436229465 184.356
436229466 212.356
436232229 197.259
436232230 157.176
436232233 185.506
436232234 212.471
436232237 200.398
436232238 127.323
436232241 192.506
436232242 207.506
436232245 214.323
436232246 162.221
436232249 181.537
436232250 202.537
436232261 230.194
436232262 152.167
436232265 179.363
436232266 212.342
436232269 226.194
436232270 152.167
436232273 195.363
436232274 167.363
436232277 151.167
436232278 147.137
436232281 169.381
436232282 157.363
436232293 223.331
436232294 167.272
436232297 187.489
436232298 215.489
436232301 194.303
436232302 162.303
436232305 210.553
436232306 167.523
436232309 207.331
436232310 192.237
436232313 180.553
436232314 162.553
436232325 197.188
436232326 187.211
436232329 182.277
436232330 197.306
436232333 176.211
436232334 182.188
436232337 162.333
436232338 192.333
436232341 173.231
436232342 192.231
436232345 182.379
436232346 192.333
436232357 146.64
436232358 187.265
436232361 167.482
436232362 157.482
436232365 152.3
436232366 182.3
436232369 162.511
436232370 142.563
436232373 147.332
436232374 177.332
436232377 167.482
436232378 162.45
436232389 147.199
436232390 167.199
436232393 157.338
436232394 167.338
436232397 162.223
436232398 172.223
436232401 132.359
436232402 167.338
436232405 152.264
436232406 152.264
436232409 162.359
436232410 171.314
436232421 215.402
436232422 172.303
436232425 209.481
436232426 197.481
436232429 216.402
436232430 172.303
436232433 208.481
436232434 197.481
436232437 221.357
436232438 167.331
436232441 204.507
436232442 182.507
436232453 145.793
436232454 172.204
436232457 199.442
436232458 192.442
436232461 132.892
436232462 167.227
436232465 213.407
436232466 202.407
436232469 212.283
436232470 177.227
436232473 198.442
436232474 207.387
436232485 216.436
436232486 162.457
436232489 191.654
436232490 157.688
436232493 217.467
436232494 163.236
436232497 184.688
436232498 183.719
436232501 249.495
436232502 154.735
436232505 197.688
436232506 191.688
436232517 172.389
436232518 180.228
436232521 152.562
436232522 122.562
436232525 167.408
436232529 162.615
436232530 137.59
436232533 162.425
436232534 182.425
436232537 133.875
436232538 132.615
436232549 164.091
436232550 157.541
436232553 167.767
436232554 167.767
436232557 142.563
436232558 162.563
436232561 152.859
436232562 152.859
436232565 152.563
436232566 152.602
436232569 142.859
436232570 132.8
436232581 182.362
436232582 197.362
436232585 189.521
436232586 174.573
436232589 197.381
436232590 177.381
436232593 184.54
436232594 191.54
436232597 177.381
436232598 197.398
436232601 175.54
436232602 189.54
436232613 172.497
436232614 182.497
436232617 172.675
436232618 122.675
436232621 172.575
436232622 172.539
436232625 131.082
436232626 147.707
436232629 172.575
436232630 197.519
436232633 167.707
436232634 147.707
436232645 232.397
436232646 188.378
436232649 217.519
436232650 172.519
436232653 212.445
436232654 174.414
436232657 193.597
436232658 162.561
436232661 212.414
436232662 184.414
436232665 205.561
436232666 162.561
436232677 197.467
436232681 202.62
436232682 203.653
436232685 175.652
436232686 214.467
436232690 203.653
436232693 192.492
436232694 207.492
436232697 197.653
436232710 243.356
436232714 190.56
436232717 193.137
436232718 235.377
436232721 179.582
436232722 204.582
436232725 192.396
436232726 191.166
436232729 179.601
436232730 205.582
436232741 221.458
436232742 182.458
436232745 207.626
436232746 187.626
436232749 182.458
436232750 202.458
436232753 169.726
436232757 167.486
436232761 197.696
436232762 177.696
436232773 192.512
436232778 182.498
436232781 227.568
436232782 177.541
436232786 192.498
436232789 182.615
436232790 212.615
436232793 212.498
436232794 172.498
436232806 182.503
436232809 197.594
436232810 212.718
436232814 187.526
436232821 192.585
436232822 178.526
436232825 192.718
436232826 182.718
436232837 201.337
436232838 152.272
436232841 209.446
436232842 191.09
436232845 238.307
436232846 152.272
436232849 188.486
436232850 207.486
436232853 213.307
436232854 147.29
436232857 186.503
436232858 192.533
436232869 172.431
436232870 142.431
436232873 162.645
436232874 172.645
436232877 162.431
436232878 142.431
436232881 157.668
436232882 177.668
436232885 152.472
436232886 172.472
436232889 147.668
436232890 172.727
436232901 167.2
436232902 167.2
436232905 147.571
436232906 172.44
436232909 137.237
436232910 157.237
436232913 172.44
436232914 139.571
436232917 152.253
436232918 152.253
436232921 157.461
436232922 112.479
436232933 237.429
436232934 192.429
436232937 200.511
436232938 205.511
436232941 190.018
436232942 182.429
436232945 175.605
436232946 182.605
436232949 180.465
436232950 177.448
436232953 184.605
436232954 178.605
436232965 172.184
436232966 112.703
436232969 177.088
436232970 157.449
436232973 162.224
436232974 104.478
436232977 162.43
436232978 147.449
436232981 182.258
436232982 182.258
436232985 172.467
436232986 152.467
436232997 187.388
436232998 172.41
436233001 172.569
436233002 157.54
436233005 172.41
436233006 182.447
436233009 144.76
436233010 157.596
436233013 162.447
436233014 162.447
436233017 142.11
436233018 152.62
436233029 131.695
436233030 197.14
436233033 196.462
436233034 207.422
436233037 212.225
436233038 162.225
436233041 198.479
436233042 192.479
436233045 122.015
436233046 150.245
436233049 181.51
436233050 192.479
436233061 212.451
436233062 167.349
436233065 217.491
436233066 202.491
436233069 212.482
436233070 147.395
436233073 160.552
436233074 137.523
436233077 142.415
436233078 132.415
436233081 218.523
436233082 192.552
436233097 157.384
436233098 172.405
436233105 142.441
436233106 162.441
436233113 157.424
436233114 142.472
436233125 172.33
436233126 207.349
436233129 207.477
436233130 177.477
436233133 177.349
436233134 197.349
436233137 177.543
436233138 167.543
436233141 179.746
436233142 202.366
436233145 167.543
436233146 162.572
436233157 167.197
436233158 177.197
436233161 182.401
436233162 167.38
436233165 152.216
436233166 187.234
436233169 162.437
436233170 160.061
436233173 147.234
436233174 167.234
436233177 162.437
436233178 152.437
436233189 167.549
436233190 167.507
436233193 219.802
436233194 154.092
436233197 167.549
436233198 177.529
436233201 142.855
436233202 211.83
436233205 142.568
436233206 197.549
436233209 132.855
436233210 97.8296
436233221 190.134
436233222 233.079
436233226 182.334
436233229 177.108
436233230 155.392
436233233 172.387
436233234 182.334
436233237 182.134
436233238 228.108
436233253 186.202
436233254 177.202
436233257 239.5
436233258 202.423
436233261 212.348
436233262 167.269
436233265 213.463
436233266 212.423
436233269 237.269
436233270 187.269
436233273 215.423
436233274 122.187
436233289 152.199
436233290 207.23
436233293 152.005
436233294 182.048
436233297 177.23
436233298 202.257
436233301 132.048
436233302 182.048
436233305 177.23
436233306 143.804
436233317 212.294
436233318 157.187
436233321 177.417
436233322 197.451
436233325 217.262
436233326 162.227
436233329 154.728
436233330 207.451
436233333 212.294
436233334 152.294
436233337 185.482
436233338 212.417
436233349 152.194
436233353 182.389
436233354 144.899
436233357 137.218
436233358 162.194
436233361 152.442
436233362 161.389
436233365 132.239
436233366 157.218
436233369 162.442
436233381 152.285
436233382 187.246
436233385 177.507
436233386 217.507
436233389 152.285
436233390 187.319
436233393 172.54
436233394 202.54
436233397 142.351
436233398 172.351
436233401 172.54
436233402 96.398
436233413 162.14
436233414 172.14
436233417 167.349
436233418 149.283
436233421 152.185
436233422 207.163
436233425 162.373
436233426 172.373
436233429 162.185
436233430 192.185
436233433 132.373
436233434 141.373
436233445 178.829
436233446 187.291
436233449 187.475
436233450 175.475
436233453 219.319
436233454 187.291
436233457 162.507
436233458 167.507
436233461 157.369
436233462 172.369
436233465 182.562
436233466 220.507
436233477 196.077
436233478 120.291
436233481 137.371
436233482 157.371
436233485 211.107
436233486 212.181
436233489 162.395
436233490 162.395
436233493 183.134
436233494 201.181
436233497 192.395
436233498 182.395
436233509 177.317
436233510 207.317
436233513 167.531
436233517 162.399
436233518 192.399
436233521 137.531
436233522 161.564
436233525 152.399
436233526 192.399
436233529 142.564
436233541 167.139
436233542 202.109
436233545 162.303
436233546 197.338
436233549 157.189
436233550 187.189
436233553 148.93
436233554 202.425
436233557 147.189
436233558 182.165
436233561 137.748
436233562 192.425
436244517 209.058
436244518 143.159
436244521 164.168
436244522 110.445
436244525 101.596
436244526 209.058
436244529 163.168
436244530 180.201
436244533 118.648
436244534 195.058
436244537 167.201
436244538 197.168
436244549 163.903
436244550 86.3708
436244553 177.017
436244554 183.968
436244557 161.918
436244558 161.918
436244561 204.017
436244562 182.017
436244565 167.944
436244566 91.944
436244569 162.058
436244570 161.78
436244581 162.039
436244582 162.07
436244585 162.165
436244586 132.165
436244589 132.07
436244590 167.055
436244593 152.198
436244594 142.165
436244597 132.096
436244598 132.096
436244601 162.165
436244602 142.198
436244613 186.939
436244614 176.911
436244617 156.045
436244618 188.097
436244621 190.658
436244622 192.859
436244625 189.064
436244626 192.064
436244629 131.672
436244630 187.911
436244633 150.097
436244634 95.9944
436244645 162.085
436244646 155.069
436244649 162.22
436244650 157.204
436244653 152.085
436244654 147.069
436244657 152.22
436244658 157.204
436244661 162.085
436244665 132.22
436244666 162.22
436244677 111.321
436244678 179.956
436244681 199.11
436244682 197.078
436244685 111.534
436244686 194.941
436244689 161.11
436244690 112.541
436244693 166.004
436244694 167.981
436244697 167.11
436244698 185.078
436244709 165.564
436244710 162.774
436244713 167.214
436244714 162.231
436244717 162.088
436244718 167.072
436244721 132.231
436244722 152.261
436244725 142.117
436244726 172.117
436244729 142.261
436244730 152.231
436244741 104.266
436244742 112.391
436244745 93.3002
436244746 208.053
436244749 109.354
436244750 135.421
436244753 163.068
436244754 176.095
436244757 127.577
436244758 191.929
436244761 168.095
436244762 110.059
436244805 115.059
436244806 86.1852
436244809 94.2568
436244813 183.011
436244814 106.541
436244817 174.037
436244821 181.011
436244822 171.986
436244825 92.1205
436244837 191.165
436244838 193.116
436244841 205.273
436244842 183.228
436244845 175.084
436244846 175.116
436244849 199.244
436244850 178.228
436244853 192.134
436244854 179.134
436244857 174.273
436244858 221.244
436244869 153.721
436244870 152.196
436244873 205.17
436244874 151.172
436244877 151.999
436244878 186.026
436244881 195.17
436244882 132.17
436244885 136.107
436244886 189.026
436244889 201.2
436244890 152.17
436244901 109.088
436244902 192.187
436244905 224.326
436244906 183.326
436244909 203.187
436244910 192.25
436244913 201.391
436244914 172.391
436244917 200.25
436244918 102.795
436244921 218.391
436244922 161.391
436244933 152.089
436244934 97.0891
436244937 187.179
436244938 182.195
436244941 152.089
436244942 139.799
436244945 152.195
436244946 82.4998
436244950 133.706
436244953 152.195
436244954 95.5385
436244965 110.574
436244966 202.151
436244969 194.339
436244970 197.264
436244973 113.122
436244974 179.17
436244977 150.339
436244978 177.313
436244981 172.232
436244982 150.843
436244985 203.313
436244986 175.282
436244997 123.127
436244998 118.725
436245001 142.131
436245002 177.115
436245005 174.926
436245006 104.934
436245009 85.9229
436245010 172.158
436245013 181.99
436245014 171.99
436245017 172.158
436245018 172.158
436245029 142.193
436245030 117.152
436245033 142.229
436245034 82.1744
436245037 152.167
436245038 162.167
436245041 152.267
436245042 182.267
436245045 142.216
436245046 152.167
436245049 142.298
436245050 203.326
436245061 173.983
436245062 161.934
436245065 153.595
436245066 142.104
436245069 174.96
436245070 156.948
436245073 153.568
436245074 132.104
436245077 785.983
436245078 151.96
436245081 157.572
436245082 152.104
436245093 177.105
436245094 182.124
436245097 172.248
436245098 142.306
436245101 182.124
436245102 192.124
436245105 182.248
436245106 134.886
436245109 178.934
436245110 183.157
436245113 162.279
436245114 144.691
436245125 171.932
436245126 177.987
436245129 90.9112
436245130 179.694
436245133 176.948
436245134 174.948
436245137 182.067
436245138 115.749
436245141 171.987
436245142 168.948
436245145 152.107
436245158 112.876
436245161 182.18
436245162 212.217
436245165 170.429
436245166 88.6515
436245169 172.217
436245170 172.248
436245174 105.208
436245177 212.217
436245178 172.217
436245189 190.851
436245190 103.171
436245193 180.147
436245194 152.092
436245197 189.901
436245198 92.8031
436245201 103.907
436245202 152.092
436245205 183.901
436245206 191.901
436245209 56.4827
436245210 152.092
436245221 143.615
436245222 101.334
436245225 134.18
436245226 142.16
436245229 221.034
436245230 104.167
436245233 126.037
436245234 132.199
436245237 226.034
436245238 82.6899
436245241 202.231
436245242 132.199
436245253 122.554
436245254 91.7209
436245257 126.34
436245258 157.06
436245261 141.973
436245262 101.999
436245265 142.027
436245266 132.08
436245269 239.845
436245270 161.845
436245273 182.08
436245274 142.08
436245285 182.031
436245286 203.055
436245289 177.2
436245290 192.183
436245294 92.0953
436245297 63.5991
436245298 162.242
436245301 150.695
436245302 226.076
436245305 172.215
436245306 176.675
436245317 166.919
436245318 171.903
436245321 157.062
436245322 177.062
436245325 166.919
436245326 156.919
436245329 152.107
436245330 162.107
436245333 151.959
436245334 161.934
436245337 162.078
436245338 192.078
436245349 162.077
436245350 132.111
436245353 152.175
436245354 157.16
436245357 167.095
436245358 137.095
436245361 152.202
436245362 142.202
436245365 152.111
436245366 162.111
436245369 142.175
436245370 112.175
436245381 229.809
436245382 102.42
436245385 112.2
436245386 161.995
436245389 120.439
436245390 114.395
436245393 132.191
436245394 142.045
436245397 138.069
436245398 83.8747
436245401 222.045
436245402 154.075
436245413 195.081
436245414 101.611
436245417 206.216
436245418 167.169
436245421 192.081
436245422 116.259
436245425 109.062
436245426 152.216
436245429 187.109
436245430 182.109
436245433 215.216
436245434 162.186
436245445 171.872
436245446 146.872
436245449 82.1227
436245453 165.883
436245454 141.904
436245457 192.048
436245461 161.914
436245462 146.364
436245465 182.048
436245478 103.359
436245481 172.128
436245485 182.047
436245486 182.075
436245489 172.156
436245490 109.709
436245493 192.075
436245497 202.156
436245498 202.156
436245509 151.89
436245510 166.879
436245513 172.017
436245514 162.017
436245517 151.909
436245518 161.89
436245521 152.042
436245522 162.042
436245525 141.909
436245526 131.909
436245529 142.063
436245530 152.063
436245541 172.057
436245542 122.057
436245545 167.136
436245546 193.526
436245549 147.071
436245550 132.083
436245553 152.15
436245554 106.359
436245557 132.125
436245558 142.106
436245561 132.174
436245562 172.174
436245573 191.805
436245574 156.629
436245577 152.007
436245578 124.527
436245581 142.823
436245582 126.823
436245585 172.007
436245586 150.967
436245589 161.84
436245590 203.284
436245593 191.057
436245594 189.057
436245605 166.976
436245606 58.7108
436245609 115.89
436245610 154.634
436245613 196.976
436245614 171.258
436245617 174.46
436245618 142.17
436245621 112.011
436245622 190.011
436245625 133.531
436245626 75.7142
436245637 141.847
436245638 154.249
436245641 182.025
436245642 151.98
436245645 153.15
436245646 161.87
436245649 166.993
436245650 132.025
436245653 151.87
436245654 161.87
436245657 182.025
436245658 142.004
436245669 161.909
436245670 166.924
436245673 162.118
436245677 136.924
436245678 138.344
436245681 182.052
436245682 127.136
436245685 151.962
436245686 150.377
436245689 154.098
436245701 176.766
436245702 96.7144
436245705 202.899
436245706 136.877
436245709 178.766
436245710 114.485
436245713 80.6596
436245714 121.899
436245717 172.795
436245718 102.727
436245721 95.7344
436245722 141.899
436245733 108.261
436245734 157.796
436245737 143.832
436245738 204.077
436245741 101.565
436245742 195.956
436245745 144.326
436245746 186.077
436245749 94.2176
436245750 153.777
436245753 131.11
436245754 208.11
436245765 186.761
436245766 107.674
436245769 191.918
436245773 74.8216
436245774 187.856
436245777 72.3589
436245778 107.816
436245781 87.3518
436245782 115.006
436245785 181.954
436245786 191.954
436245797 109.587
436245798 102.952
436245801 177.113
436245802 167.113
436245805 212.941
436245806 191.965
436245809 185.132
436245810 167.113
436245813 162.965
436245814 100.059
436245817 161.165
436245818 162.132
436245829 129.101
436245830 90.171
436245833 82.6009
436245837 172.088
436245838 191.999
436245841 173.054
436245842 163.088
436245846 122.8
436245849 132.054
436245861 171.957
436245862 172.042
436245865 76.1897
436245866 135.89
436245869 172.003
436245870 205.003
436245873 192.074
436245874 225.018
436245877 103.632
436245878 190.042
436245881 192.018
436245882 212.074
436245893 201.816
436245894 158.521
436245897 127.927
436245898 117.902
436245901 102.552
436245902 182.897
436245905 105.07
436245906 182.947
436245909 181.86
436245910 176.86
436245913 96.0251
436245925 142.795
436245926 91.4195
436245929 192.2
436245930 147.145
436245933 159.01
436245934 182.071
436245937 84.5443
436245938 142.165
436245941 187.032
436245942 94.4776
436245945 206.165
436245946 139.305
436245957 113.008
436245958 107.796
436245961 175.043
436245962 185.043
436245965 99.3099
436245966 168.931
436245969 170.082
436245970 193.043
436245973 127.985
436245974 109.29
436245977 170.082
436245978 197.043
436245989 170.12
436245990 114.686
436245993 109.096
436245994 147.195
436245997 154.084
436245998 192.084
436246001 198.254
436246002 135.287
436246005 102.203
436246006 200.084
436246009 208.254
436246010 119.916
436246021 182
436246022 93.7069
436246025 122.478
436246026 170.096
436246029 131.972
436246030 114.572
436246033 136.323
436246034 157.039
436246037 136.821
436246038 90.8297
436246041 192.128
436246042 122.096
436248613 172.061
436248614 192.139
436248617 162.225
436248618 181.225
436248621 158.556
436248622 216.082
436248625 85.7094
436248626 188.258
436248629 161.102
436248630 192.139
436248633 192.258
436248634 148.348
436248645 197.08
436248646 158.82
436248649 92.3212
436248650 205.216
436248653 187.185
436248654 176.101
436248657 220.264
436248658 188.264
436248661 80.8059
436248662 162.701
436248665 215.264
436248666 183.264
436248677 152.116
436248678 137.139
436248681 152.28
436248682 167.264
436248685 142.16
436248686 122.16
436248689 152.28
436248690 182.311
436248693 152.16
436248694 122.197
436248698 152.28
436248709 240.167
436248710 193.127
436248713 94.3379
436248714 214.203
436248717 210.079
436248718 206.079
436248721 202.203
436248722 104.513
436248725 232.127
436248726 109.572
436248729 176.308
436248730 193.252
436248741 196.17
436248742 191.146
436248745 179.238
436248746 198.262
436248749 172.266
436248750 178.193
436248753 231.262
436248754 167.304
436248757 204.232
436248758 160.232
436248761 132.948
436248762 186.304
436248773 171.219
436248774 144.616
436248777 92.7533
436248778 150.302
436248781 162.599
436248782 123.711
436248785 172.346
436248786 109.466
436248789 174.173
436248790 124.602
436248793 105.812
436248794 123.536
436248805 192.262
436248806 172.199
436248809 162.282
436248810 152.316
436248813 152.262
436248814 172.233
436248817 167.263
436248818 157.263
436248821 152.233
436248822 192.233
436248825 152.282
436248826 162.282
436248837 180.341
436248838 112.933
436248841 123.64
436248842 185.58
436248845 186.435
436248846 133.888
436248849 104.896
436248853 194.341
436248858 199.505
436248869 205.182
436248870 196.182
436248873 172.286
436248874 168.373
436248877 116.554
436248878 192.222
436248881 192.286
436248882 167.286
436248885 202.222
436248886 184.222
436248889 209.246
436248890 160.246
436248901 162.294
436248902 89.5445
436248905 158.27
436248906 182.331
436248909 162.252
436248910 182.202
436248913 182.331
436248914 107.94
436248918 172.252
436248921 79.0636
436248938 187.326
436248942 212.302
436248945 182.354
436248946 203.354
436248949 172.261
436248950 182.302
436248953 115.245
436248954 172.354
436248965 176.369
436248966 125.984
436248969 171.574
436248970 112.621
436248973 182.277
436248974 192.277
436248977 128.728
436248978 122.574
436248981 171.369
436248982 156.284
436248985 169.662
436248986 133.955
436248998 177.335
436249001 177.412
436249002 172.277
436249005 172.352
436249006 152.429
436249009 172.431
436249010 102.249
436249013 172.381
436249014 142.429
436249017 174.464
436249018 172.464
436249029 145.327
436249030 167.397
436249033 90.8211
436249034 104.71
436249037 142.849
436249038 149.512
436249041 91.1938
436249042 191.368
436249045 208.327
436249046 139.814
436249049 92.9251
436249050 170.417
436249061 170.645
436249062 188.24
436249065 219.345
436249066 199.345
436249069 193.275
436249070 111.479
436249073 236.362
436249074 197.393
436249077 152.795
436249078 171.24
436249081 105.135
436249082 178.393
436249093 202.141
436249094 179.208
436249097 221.243
436249098 119.757
436249101 152.731
436249102 92.1337
436249105 108.178
436249106 96.7891
436249109 87.1771
436249110 105.822
436249113 82.5227
436249114 114.16
436249125 150.251
436249126 157.208
436249129 187.269
436249130 174.085
436249133 156.158
436249134 175.225
436249137 172.338
436249138 158.338
436249141 135.171
436249142 212.255
436249145 161.044
436249146 148.065
436249157 152.09
436249158 162.118
436249161 162.171
436249162 137.159
436249165 152.118
436249166 167.105
436249169 143.061
436249170 127.159
436249173 152.118
436249174 142.118
436249177 152.194
436249178 152.194
436249189 186.184
436249190 110.681
436249193 192.305
436249194 198.243
436249197 179.058
436249198 123.052
436249201 125.372
436249202 177.276
436249205 163.567
436249206 202.217
436249209 128.518
436249210 132.95
436249221 156.586
436249222 103.097
436249225 87.661
436249226 110.763
436249229 203.091
436249230 183.091
436249233 115.713
436249234 125.755
436249237 202.091
436249238 176.091
436249241 205.063
436249242 154.023
436249253 167.175
436249254 167.175
436249257 172.233
436249258 157.249
436249261 157.207
436249262 142.191
436249265 167.249
436249266 152.263
436249269 152.22
436249270 162.22
436249273 132.263
436249274 162.263
436249285 189.999
436249286 131.239
436249289 181.002
436249290 137.002
436249293 62.9117
436249294 114.777
436249297 174.017
436249298 142.017
436249301 204.016
436249302 219.016
436249305 165.043
436249306 170.887
436249317 204.453
436249321 193.129
436249325 168.122
436249326 125.432
436249329 166.123
436249330 166.973
436249333 115.985
436249337 194.163
436249338 182.163
436249350 103.349
436249353 171.971
436249354 114.09
436249358 202.132
436249361 166.971
436249362 171.985
436249365 209.233
436249366 172.2
436249369 172.01
436249370 110.543
436249381 162.09
436249382 232.106
436249385 162.18
436249386 129.18
436249389 172.09
436249390 182.09
436249393 147.197
436249394 162.197
436249397 162.12
436249398 109.331
436249401 152.214
436249402 108.154
436249413 184.958
436249414 124.55
436249417 191.981
436249418 153.953
436249421 114.104
436249422 122.096
436249425 94.4098
436249426 179.953
436249429 166.929
436249430 171.929
436249433 92.7845
436249434 176.981
436249445 162.042
436249446 192.042
436249449 111.778
436249450 209.056
436249453 217.073
436249454 182.073
436249457 202.075
436249458 180.376
436249461 211.073
436249462 183.058
436249465 182.14
436249466 187.14
436249477 109.913
436249478 140.455
436249481 199.908
436249482 90.2886
436249485 134.689
436249486 136.904
436249489 194.953
436249490 191.924
436249493 211.92
436249494 146.904
436249497 185.953
436249498 171.977
436249509 167.05
436249510 152.035
436249513 162.099
436249514 152.099
436249517 167.05
436249518 162.063
436249521 152.124
436249522 167.112
436249525 152.063
436249526 157.27
436249529 142.146
436249530 142.124
436249541 120.328
436249542 123.38
436249545 239.84
436249546 191.861
436249549 95.9543
436249550 124.855
436249553 119.91
436249554 200.861
436249557 228.073
436249561 145.232
436249562 177.913
436249573 172.048
436249574 133.472
436249577 162.075
436249578 101.089
436249581 157.007
436249582 172.021
436249585 132.103
436249586 98.0894
436249589 162.021
436249593 132.126
436249594 145.126
436249605 186.884
436249609 92.8955
436249610 171.958
436249613 161.939
436249614 176.884
436249617 171.907
436249621 181.897
436249625 161.934
436249626 171.958
436249637 189.787
436249638 171.024
436249641 197.106
436249642 163.346
436249645 192.093
436249646 161.093
436249649 94.4391
436249650 181.147
436249653 208.04
436249654 178.04
436249657 183.785
436249658 170.147
436249669 149.311
436249670 122.677
436249673 132.895
436249674 181.845
436249677 215.884
436249681 167.898
436249682 171.874
436249685 188.311
436249686 93.7016
436249689 171.898
436249690 179.069
436249701 188.99
436249702 137.454
436249705 102.651
436249706 198.053
436249709 193.023
436249710 192.023
436249713 192.085
436249714 176.111
436249717 173.023
436249718 182.05
436249721 182.111
436249722 162.085
436249733 212.867
436249734 109.475
436249737 182.926
436249738 92.1718
436249741 184.965
436249742 114.358
436249745 162.969
436249746 112.665
436249749 200.938
436249750 213.938
436249753 165.941
436249754 116.246
436249765 94.7906
436249766 166.99
436249769 152.012
436249770 172.012
436249773 172.011
436249774 180.048
436249777 131.162
436249781 152.011
436249782 217.011
436249785 188.077
436249786 151.047
436249798 192.82
436249806 177.884
436249810 181.817
436249813 211.855
436249814 181.855
436249817 181.771
436249818 171.771
436249829 152.017
436249830 176.996
436249833 137.113
436249834 162.096
436249837 157.036
436249838 167.036
436249841 162.129
436249842 142.129
436249845 142.053
436249846 162.053
436249849 142.158
436249850 122.158
436249861 144.334
436249865 131.905
436249866 151.934
436249869 151.938
436249873 155.224
436249874 131.958
436249877 156.921
436249881 121.934
436249882 174.958
436249893 172.101
436249894 185.041
436249897 102.563
436249898 192.114
436249901 185.041
436249902 176.041
436249905 162.136
436249906 190.174
436249909 193.101
436249910 173.101
436249913 150.174
436249914 169.036
436249925 181.934
436249926 112.769
436249929 181.954
436249930 161.989
436249933 182.007
436249934 181.974
436249937 93.3663
436249938 104.248
436249941 181.974
436249945 79.8703
436249946 191.912
436249957 200.087
436249958 214.122
436249961 193.09
436249962 182.156
436249965 200.046
436249966 157.022
436249969 161.156
436249970 157.316
436249973 197.087
436249974 142.046
436249977 156.156
436249978 83.5162
436249989 162.147
436249990 160.344
436249993 80.3012
436249994 172.13
436249997 194.072
436249998 177.072
436250001 159.614
436250002 201.174
436250005 177.112
436250006 160.112
436250009 159.914
436250010 113.711
436250021 162.093
436250022 185.03
436250025 144.558
436250026 177.162
436250033 135.553
436250034 182.217
436250037 162.093
436250038 130.648
436250041 152.217
436250042 177.246
436250053 182
436250057 147.21
436250058 50.3067
436250061 157.027
436250062 134.054
436250065 152.226
436250066 142.281
436250069 152.133
436250070 225.052
436250073 152.226
436250074 122.255
436250085 192.019
436250086 212.121
436250089 178.592
436250093 177.048
436250094 210.795
436250097 172.232
436250098 202.274
436250101 189.075
436250106 160.602
436250117 188.088
436250118 123.077
436250121 131.023
436250122 166.782
436250125 161.088
436250126 123.052
436250129 191.682
436250130 105.686
436250133 195.088
436250134 111.502
436250137 119.042
436250138 28.9541
436260900 145.952
436260904 155.257
436260908 155.952
436260912 131.272
436260916 63.3725
436260920 131.257
436260932 112.761
436260936 161.348
436260940 151.354
436260944 97.5004
436260948 171.327
436260952 181.374
436260964 190.241
436260968 160.263
436260972 165.256
436260976 175.263
436260980 164.256
436260984 166.263
436260996 151.379
436261000 161.363
436261004 166.346
436261008 166.353
436261012 161.358
436261016 98.6343
436261060 196.385
436261064 164.397
436261068 167.432
436261072 177.419
436261076 161.411
436261080 176.419
436261092 91.1349
436261096 161.292
436261100 91.5961
436261104 80.5899
436261108 101.304
436261112 118.551
436261124 126.44
436261128 161.441
436261132 169.44
436261136 103.215
436261140 131.453
436261144 151.462
436261156 171.355
436261164 141.505
436261172 60.6912
436261188 146.437
436261192 141.457
436261196 143.427
436261200 166.444
436261204 181.478
436261208 141.479
436261220 93.4881
436261224 163.379
436261228 107.529
436261232 87.6405
436261236 161.42
436261240 141.456
436261252 138.639
436261256 156.497
436261260 166.509
436261264 103.027
436261268 121.52
436261272 151.526
436261284 156.466
436261288 141.408
436261292 156.466
436261296 64.8082
436261300 131.477
436261304 140.056
436261316 134.954
436261320 93.2328
436261324 63.737
436261328 151.628
436261332 93.2031
436261336 62.4614
436261348 191.391
436261352 99.4843
436261356 84.2607
436261360 162.397
436261364 93.2917
436261368 86.486
436261380 175.509
436261384 136.058
436261388 102.113
436261392 147.096
436261396 106.06
436261400 125.663
436261416 151.317
436261424 138.514
436261432 199.343
436261476 162.34
436261480 85.4328
436261484 171.257
436261488 72.2222
436261492 63.5721
436261496 53.267
436261508 96.4252
436261512 115.585
436261516 103.644
436261520 161.364
436261524 113.737
436261528 100.329
436261540 84.3119
436261544 139.482
436261548 59.0327
436261552 103.64
436261556 151.259
436261560 161.362
436261572 151.345
436261576 161.603
436261580 161.321
436261584 152.148
436261588 141.364
436261592 122.148
436261604 166.227
436261608 161.21
436261612 166.227
436261616 161.21
436261620 84.1885
436261624 151.21
436261636 181.292
436261640 181.368
436261644 171.328
436261648 161.39
436261652 102.716
436261656 96.8179
436261668 90.2932
436261672 81.3991
436261676 194.26
436261680 101.217
436261684 100.479
436261688 93.2987
436261700 221.275
436261704 166.317
436261708 156.296
436261712 98.937
436261716 93.4182
436261720 181.356
436261732 80.4023
436261736 161.248
436261740 92.9672
436261744 104.682
436261748 108.984
436261752 181.248
436261764 101.886
436261768 87.4907
436261772 104.437
436261776 151.371
436261780 -40.3089
436261784 73.2665
436261796 73.3307
436261800 88.6171
436261804 89.3603
436261808 78.7854
436261812 110.589
436261816 80.7477
436261828 167.293
436261832 156.319
436261836 161.309
436261840 163.355
436261844 170.176
436261848 181.355
436261860 141.257
436261864 161.261
436261868 161.24
436261872 141.294
436261876 161.24
436261880 161.261
436261892 59.4936
436261896 118.852
436261900 89.6941
436261904 128.978
436261908 124.808
436261912 178.331
436261924 189.18
436261928 85.7549
436261932 99.1746
436261936 89.4359
436261940 172.247
436261944 165.238
436261956 91.4025
436261960 114.112
436261964 181.267
436261968 85.8731
436261972 112.406
436261976 181.309
436261988 131.17
436261996 151.153
436262004 151.153
436262020 83.0542
436262024 94.6511
436262028 91.6208
436262032 79.4246
436262036 93.2176
436262040 161.288
436262052 107.751
436262056 98.3081
436262060 171.189
436262064 111.189
436262068 99.0333
436262072 151.189
436262084 69.2686
436262088 181.252
436262092 174.242
436262096 116.707
436262100 170.242
436262104 77.6447
436262116 111.039
436262120 119.902
436262124 117.908
436262128 90.7638
436262132 120.126
436262136 119.954
436262148 108.123
436262152 138.774
436262156 144.607
436262160 130.056
436262164 72.9092
436262168 141.292
436262180 100.594
436262184 91.4671
436262188 102.566
436262192 106.184
436262196 114.676
436262200 91.239
436262212 161.236
436262216 141.299
436262220 131.253
436262224 151.281
436262228 131.236
436262232 87.4332
436262244 151.202
436262248 127.595
436262252 115.371
436262256 196.145
436262260 93.3481
436262264 108.55
436262276 156.231
436262280 156.286
436262284 138.523
436262288 63.4889
436262292 90.9859
436262296 151.295
436262308 102.143
436262312 88.5803
436262316 114.405
436262320 110.976
436262324 101.979
436262328 112.39
436262340 91.6205
436262344 90.6329
436262348 102.653
436262352 104.445
436262356 114.46
436262360 113.899
436262372 144.54
436262376 142.824
436262380 151.244
436262384 161.228
436262388 88.4704
436262392 151.253
436262404 161.321
436262408 151.36
436262412 151.336
436262416 126.348
436262420 151.336
436262424 145.06
436262436 166.235
436262440 169.26
436262444 91.3927
436262448 89.7683
436262452 168.264
436262456 101.731
436262468 144.733
436262472 153.436
436262476 156.356
436262480 161.376
436262484 151.696
436262488 131.394
436262500 106.606
436262504 119.318
436262508 73.5143
436262512 117.616
436262516 117.856
436262520 108.762
436262532 72.243
436262536 161.354
436262540 103.618
436262544 161.354
436262548 122.474
436262552 96.3259
436262564 161.208
436262568 57.7895
436262572 58.6118
436262576 96.2213
436262580 92.6687
436262584 171.283
436262596 138.587
436262600 121.254
436262604 166.282
436262608 166.278
436262612 154.106
436262616 108.604
436264996 58.8875
436265000 61.1529
436265004 156.077
436265008 101.641
436265012 172.212
436265016 110.671
436265028 121.071
436265032 199.768
436265036 118.877
436265040 88.2768
436265044 100.769
436265048 100.288
436265060 83.6563
436265064 72.6489
436265068 85.295
436265072 57.7837
436265076 62.4293
436265080 163.673
436265092 115.737
436265096 189.846
436265100 111.571
436265104 91.5855
436265108 105.345
436265112 123.024
436265124 133.747
436265128 159.087
436265132 123.747
436265136 154.141
436265140 123.695
436265144 144.237
436265156 113.911
436265160 103.673
436265164 104.651
436265168 126.145
436265172 113.464
436265176 78.1029
436265188 86.2727
436265192 94.992
436265196 98.3539
436265200 181.197
436265204 74.0508
436265208 88.7056
436265220 193.615
436265224 92.6763
436265228 64.739
436265232 178.56
436265236 180.615
436265240 196.4
436265252 122.41
436265256 95.007
436265260 110.884
436265264 90.4334
436265268 102.404
436265272 111.937
436265284 78.0489
436265288 150.042
436265292 109.153
436265296 106.095
436265300 185.14
436265304 175.002
436265316 105.52
436265320 109.832
436265324 82.5762
436265328 187.271
436265332 112.396
436265336 181.105
436265348 135.904
436265352 149.22
436265356 104.172
436265360 195.51
436265364 171.274
436265368 155.834
436265384 98.8852
436265392 89.5534
436265400 68.4407
436265412 156.165
436265416 156.123
436265420 166
436265424 165.965
436265428 166
436265432 165.965
436265444 95.1517
436265448 93.9479
436265452 94.4576
436265456 101.813
436265460 109.004
436265464 85.6001
436265476 78.7008
436265480 126.803
436265484 141.722
436265488 95.7871
436265492 111.822
436265496 148.96
436265508 134.094
436265512 97.4584
436265516 113.113
436265520 161.546
436265524 151.509
436265528 77.2439
436265540 110.853
436265544 87.7878
436265548 68.3971
436265552 62.9826
436265556 86.4959
436265560 110.245
436265572 76.2807
436265576 68.7161
436265580 86.2867
436265584 91.2455
436265588 98.5739
436265592 146.813
436265604 144.009
436265608 156.535
436265612 156.459
436265616 165.045
436265620 151.469
436265624 131.751
436265636 108.224
436265640 85.552
436265644 193.269
436265648 95.3123
436265652 88.0452
436265656 125.341
436265668 110.179
436265672 102.615
436265676 179.361
436265680 205.386
436265684 86.4416
436265688 191.409
436265700 108.089
436265704 96.861
436265708 109.741
436265712 82.2372
436265716 193.214
436265720 176.316
436265732 92.2213
436265736 82.9474
436265740 75.5727
436265744 165.449
436265748 67.8144
436265752 111.731
436265764 59.2517
436265768 106.658
436265772 87.9125
436265776 188.252
436265780 111.086
436265784 107.994
436265796 161.327
436265800 141.411
436265804 161.347
436265808 146.42
436265812 151.347
436265816 141.442
436265828 156.22
436265832 161.268
436265836 76.3315
436265840 151.287
436265844 131.229
436265848 131.302
436265860 100.375
436265864 111.421
436265868 172.355
436265872 103.771
436265876 206.243
436265880 98.9963
436265892 156.198
436265896 142.752
436265900 126.198
436265904 151.269
436265908 95.9435
436265912 103.687
436265924 82.6327
436265928 74.9224
436265932 92.9266
436265936 66.705
436265940 100.169
436265944 93.121
436265956 111.027
436265960 105.32
436265964 99.7604
436265968 107.396
436265972 100.75
436265976 77.7623
436265988 89.5198
436265992 111.853
436265996 161.929
436266000 171.916
436266004 181.887
436266008 162.005
436266020 156.21
436266024 136.283
436266028 121.218
436266032 126.283
436266036 121.218
436266040 123.289
436266052 175.376
436266056 112.219
436266060 102.096
436266064 132.729
436266068 99.1054
436266072 151.503
436266084 106.51
436266088 118.51
436266092 134.162
436266096 146.23
436266100 141.444
436266104 131.792
436266116 131.626
436266120 112.792
436266124 166.25
436266128 131.317
436266132 181.313
436266136 126.904
436266148 92.0946
436266152 102.692
436266156 101.59
436266160 191.167
436266164 181.151
436266168 115.21
436266212 83.2008
436266216 110.831
436266220 112.844
436266224 133.287
436266228 119.79
436266232 87.5869
436266244 89.5484
436266248 184.244
436266252 118.952
436266256 202.28
436266260 106.618
436266264 89.003
436266276 128.418
436266280 141.207
436266284 81.3545
436266288 151.207
436266292 151.145
436266296 141.207
436266308 192.241
436266312 132.562
436266316 136.216
436266320 130.445
436266324 126.531
436266328 141.273
436266340 98.1271
436266344 220
436266348 90.3822
436266352 84.8613
436266356 82.6797
436266360 102.416
436266372 148.248
436266376 126.295
436266380 146.211
436266384 122.002
436266388 106.547
436266392 141.318
436266404 111.007
436266408 171.261
436266412 82.8558
436266416 101.775
436266420 130.304
436266424 63.4807
436266436 81.8466
436266440 94.8534
436266444 156.26
436266448 98.5494
436266452 87.3213
436266456 161.335
436266468 109.598
436266472 132.085
436266476 105.994
436266480 106.314
436266484 113.42
436266488 115.509
436266500 116.809
436266504 93.3555
436266508 83.7823
436266512 192.66
436266516 162.787
436266520 93.4397
436266532 162.515
436266536 172.731
436266540 152.515
436266544 152.829
436266548 152.515
436266552 84.3124
436266564 135.239
436266568 115.548
436266572 121.579
436266576 116.109
436266580 100.806
436266584 122.062
436266596 152.74
436266600 100.589
436266604 62.4444
436266608 138.073
436266612 122.74
436266616 147.157
436266628 173.239
436266632 75.1141
436266636 163.338
436266640 117.097
436266644 63.0858
436266648 103.769
436266660 112.812
436266664 120.963
436266668 99.7842
436266672 108.185
436266676 119.588
436266680 112.226
436266692 153.446
436266696 95.3784
436266700 73.0115
436266704 110.024
436266708 114.84
436266712 105.507
436277284 81.7718
436277288 95.002
436277292 101.481
436277296 100.893
436277300 122.877
436277304 146.57
436277316 91.1164
436277320 62.7923
436277324 131.197
436277328 129.63
436277332 56.1057
436277336 54.0994
436277348 81.5882
436277352 171.187
436277356 88.4166
436277360 87.5751
436277364 94.2674
436277368 104.274
436277380 94.2651
436277384 92.5926
436277388 94.3999
436277392 97.1529
436277396 82.4053
436277400 93.4567
436277412 156.219
436277416 141.246
436277420 131.219
436277424 64.2474
436277428 66.5404
436277432 74.2301
436277444 90.4811
436277448 94.4357
436277452 161.211
436277456 137.508
436277460 151.243
436277464 62.4056
436277476 116.941
436277480 74.7427
436277484 141.251
436277488 116.601
436277492 111.266
436277496 111.125
436277508 83.5599
436277512 111.204
436277516 86.3777
436277520 82.552
436277524 83.6742
436277528 92.2649
436277540 91.0068
436277544 106.225
436277548 79.7452
436277552 93.6968
436277556 81.2861
436277560 80.7693
436277572 96.7678
436277576 83.6756
436277580 81.672
436277584 82.1729
436277588 91.8596
436277592 109.056
436277604 147.491
436277608 43.3527
436277612 143.557
436277616 124.27
436277620 45.9676
436277624 111.556
436277636 100.395
436277640 192.203
436277644 126.524
436277648 117.956
436277652 139.808
436277656 70.833
436277668 62.801
436277672 108.729
436277676 115.421
436277680 109.761
436277684 117.522
436277688 136.544
436277700 126.482
436277704 141.424
436277708 145.342
436277712 40.3987
436277716 131.342
436277720 25.3276
436277732 130.245
436277736 120.28
436277740 111.877
436277744 87.6044
436277748 51.0013
436277752 103.412
436277764 116.241
436277768 120.539
436277772 104.692
436277776 107.392
436277780 95.9275
436277784 112.608
436277796 131.268
436277800 115.768
436277804 47.397
436277808 121.448
436277812 131.268
436277816 77.6542
436277828 74.5645
436277832 163.345
436277836 87.6435
436277840 85.375
436277844 103.652
436277848 89.6964
436277860 136.349
436277864 139.22
436277868 91.8632
436277872 128.207
436277876 131.361
436277880 78.0313
436277892 151.277
436277896 70.6681
436277900 111.979
436277904 94.1219
436277908 39.5279
436277912 121.341
436277924 89.6976
436277928 160.296
436277932 78.8972
436277936 91.9073
436277940 160.283
436277944 121.375
436277956 97.9421
436277960 90.7283
436277964 100.809
436277968 181.303
436277972 130.939
436277976 122.864
436277988 111.129
436277992 98.1449
436277996 112.896
436278000 93.508
436278004 82.5034
436278008 86.8162
436278020 128.477
436278024 131.257
436278028 68.6699
436278032 63.1321
436278036 71.7998
436278040 101.326
436278052 119.778
436278056 71.1867
436278060 61.9515
436278064 71.8651
436278068 131.238
436278072 76.6271
436278084 50.6435
436278088 72.4218
436278092 151.257
436278096 38.0106
436278100 75.344
436278104 75.315
436278116 82.6976
436278120 71.8278
436278124 67.5549
436278128 80.0808
436278132 89.2483
436278136 120.331
436278148 72.1921
436278152 84.4125
436278156 102.469
436278160 161.171
436278164 82.8352
436278168 99.6623
436278180 37.1202
436278184 51.8395
436278188 131.277
436278192 131.195
436278196 40.6905
436278200 76.0341
436278212 176.085
436278216 81.45
436278220 57.7507
436278224 57.0064
436278228 53.051
436278232 57.5936
436278244 96.2125
436278248 95.4176
436278252 106.357
436278256 101.559
436278260 119.311
436278264 116.577
436278276 121.148
436278280 61.2496
436278284 141.148
436278288 49.7371
436278292 72.7693
436278296 134.377
436278308 80.1965
436278312 146.167
436278316 123.162
436278320 23.4029
436278324 73.9094
436278328 67.7148
436278340 116.048
436278344 141.137
436278348 151.067
436278352 101.137
436278356 103.115
436278360 95.355
436278372 91.7819
436278376 122.778
436278380 141.448
436278384 112.292
436278388 170.108
436278392 99.4183
436278404 102.101
436278408 93.9174
436278412 96.9729
436278416 86.4396
436278420 69.1319
436278424 111.407
436278436 76.5965
436278440 63.7565
436278444 120.726
436278448 140.34
436278452 161.139
436278456 131.804
436278468 81.122
436278472 92.0599
436278476 102.091
436278480 92.4699
436278484 65.4271
436278488 120.833
436278500 156.105
436278504 133.26
436278508 156.105
436278512 67.7996
436278516 91.0801
436278520 94.3543
436278532 66.1771
436278536 140.485
436278540 131.017
436278544 46.032
436278548 134.627
436278552 128.08
436278564 165.111
436278568 47.9592
436278572 98.2211
436278576 141.173
436278580 131.118
436278584 45.9751
436278596 66.7537
436278600 90.1953
436278604 86.804
436278608 113.747
436278612 89.3146
436278616 131.795
436278628 145.637
436278632 92.1974
436278636 98.4268
436278640 86.7188
436278644 75.3915
436278648 124.556
436278660 69.7018
436278664 74.6576
436278668 74.0602
436278672 74.6904
436278676 141.094
436278680 75.5576
436278692 80.3641
436278696 100.582
436278700 81.4356
436278704 94.059
436278708 87.9828
436278712 96.0521
436278724 116.794
436278728 104.887
436278732 105.928
436278736 75.5593
436278740 81.7038
436278744 171.191
436278756 116.1
436278760 121.171
436278764 107.561
436278768 121.187
436278772 131.107
436278776 101.187
436278788 126.098
436278792 111.171
436278796 126.098
436278800 111.171
436278804 121.104
436278808 101.171
436278820 89.1782
436278824 155.218
436278828 103.029
436278832 108.458
436278836 72.7274
436278840 95.7791
436278852 72.5479
436278856 141.135
436278860 75.1835
436278864 70.6233
436278868 131.12
436278872 48.9235
436278884 136.118
436278888 136.487
436278892 120.645
436278896 131.625
436278900 71.554
436278904 141.625
436278916 150.652
436278920 56.5248
436278924 151.132
436278928 141.154
436278932 50.6071
436278936 57.9851
436278948 117.382
436278952 105.357
436278956 73.2769
436278960 80.6133
436278964 84.4811
436278968 96.1634
436278980 87.483
436278984 63.5186
436278988 74.3759
436278992 81.426
436278996 75.6107
436279000 111.412
436279012 72.2933
436279016 121.214
436279020 53.9269
436279024 40.6147
436279028 131.182
436279032 98.8339
436279044 116.121
436279048 133.028
436279052 109.014
436279056 67.9962
436279060 153.052
436279064 35.4436
436279076 111.14
436279080 111.278
436279084 88.8099
436279088 85.4355
436279092 155.55
436279096 85.8381
436279108 94.2663
436279112 105.859
436279116 103.905
436279120 103.401
436279124 101.57
436279128 59.1177
436279140 146.471
436279144 146.039
436279148 109.096
436279152 151.082
436279156 151.196
436279160 123.246
436279172 50.515
436279176 58.2105
436279180 151.167
436279184 131.246
436279188 131.202
436279192 50.6789
436281380 117.439
436281384 110.757
436281388 81.2138
436281392 104.561
436281396 94.7054
436281400 113.728
436281412 186.131
436281416 91.4921
436281420 181.154
436281424 61.679
436281428 151.224
436281432 101.853
436281444 141.333
436281448 141.367
436281452 141.395
436281456 141.367
436281460 131.459
436281464 151.385
436281476 141.227
436281480 109.458
436281484 99.4034
436281488 100.092
436281492 70.8342
436281496 161.308
436281508 90.9014
436281512 80.6793
436281516 115.707
436281520 75.524
436281524 91.0372
436281528 172.428
436281540 111.03
436281544 110.678
436281548 93.8082
436281552 110.653
436281556 87.7202
436281560 112.174
436281572 101.671
436281576 83.1512
436281580 103.304
436281584 111.334
436281588 123.615
436281592 85.9228
436281604 70.0678
436281608 69.4612
436281612 82.3364
436281616 95.6903
436281620 102.127
436281624 82.1227
436281636 151.535
436281640 141.542
436281644 62.9109
436281648 101.583
436281652 75.4983
436281656 54.816
436281668 103.783
436281672 97.6376
436281676 98.1568
436281680 80.4563
436281684 98.4598
436281688 116.45
436281700 141.67
436281704 53.0362
436281708 121.67
436281712 91.1699
436281716 131.67
436281720 96.8529
436281732 121.492
436281736 121.433
436281740 121.492
436281744 100.63
436281748 101.509
436281752 153.79
436281764 85.9225
436281768 86.8498
436281772 45.874
436281776 80.4316
436281780 174.755
436281784 72.8708
436282052 101.351
436282056 79.8305
436282060 101.543
436282064 83.8624
436282068 94.3457
436282072 91.3683
436282084 69.9002
436282088 181.236
436282092 105.619
436282096 91.2533
436282100 91.6784
436282104 100.257
436282116 102.097
436282120 99.0979
436282124 100.926
436282128 77.1986
436282132 90.1585
436282136 107.372
436282148 97.4175
436282152 132.578
436282156 78.3193
436282160 86.6714
436282164 111.109
436282168 72.7967
436282180 122.103
436282184 116.858
436282188 120.213
436282192 107.749
436282196 117.279
436282200 81.2537
436282212 89.372
436282216 172.133
436282220 102.638
436282224 92.7356
436282228 104.201
436282232 90.9588
436282244 131.214
436282248 63.6188
436282252 145.17
436282256 141.219
436282260 42.5969
436282264 121.856
436282276 174.978
436282280 112.91
436282284 83.9328
436282288 71.9196
436282292 107.617
436282296 69.5943
436282308 80.7895
436282312 137.213
436282316 169.107
436282320 69.4434
436282324 80.4766
436282328 78.7184
436282340 141.184
436282344 151.212
436282348 44.9816
436282352 131.237
436282356 48.4775
436282360 121.225
436282372 58.9681
436282376 54.1927
436282380 151.144
436282384 190
436282388 141.156
436282392 141.18
436282404 71.0131
436282408 93.108
436282412 74.3901
436282416 98.9387
436282420 103.804
436282424 91.6633
436282436 104.151
436282440 105.309
436282444 97.8295
436282448 75.6593
436282452 67.1428
436282456 94.5652
436282468 80.8836
436282472 76.504
436282476 161.144
436282480 159.184
436282484 161.123
436282488 131.198
436282500 73.8231
436282504 62.1546
436282508 101.811
436282512 151.149
436282516 138.537
436282520 130.742
436282532 90.4919
436282536 176.879
436282540 63.4431
436282544 59.0678
436282548 99.7483
436282552 62.6727
436282564 98.0821
436282568 176.975
436282572 92.9883
436282576 110.553
436282580 109.21
436282584 80.7999
436282596 94.3809
436282600 105.816
436282604 91.2303
436282608 80.6298
436282612 86.8898
436282616 86.0725
436282628 53.6093
436282632 141.139
436282636 46.69
436282640 141.139
436282644 74.8398
436282648 59.0122
436282660 70.6797
436282664 71.967
436282668 94.7721
436282672 160.149
436282676 136.099
436282680 159.149
436282692 159.169
436282696 85.1543
436282700 84.2987
436282704 84.3079
436282708 141.045
436282712 81.0605
436282724 76.231
436282728 128.498
436282732 106.057
436282736 82.6953
436282740 143.265
436282744 161.126
436282756 111.106
436282760 136.053
436282764 191.085
436282768 115.672
436282772 171.085
436282776 101.476
436282788 62.1643
436282792 126.154
436282796 126.122
436282800 111.175
436282804 111.146
436282808 111.175
436282820 60.4021
436282824 127.891
436282828 131.094
436282832 71.1325
436282836 63.2013
436282840 121.165
436282852 92.8968
436282856 101.474
436282860 74.3707
436282864 97.2676
436282868 97.3687
436282872 106.856
436282884 116.015
436282888 121.032
436282892 131.032
436282896 117.053
436282900 114.692
436282904 101.958
436282916 131.125
436282920 141.109
436282924 131.125
436282928 161.028
436282932 72.8566
436282936 122.849
436282948 74.9933
436282952 82.3949
436282956 104.533
436282960 100.522
436282964 104.156
436282968 102.871
436282980 103.281
436282984 171.143
436282988 104.545
436282992 103.847
436282996 75.5988
436283000 127.652
436283012 141.134
436283016 131.127
436283020 131.149
436283024 151.127
436283028 141.149
436283032 141.161
436283044 62.9382
436283048 78.473
436283052 61.2553
436283056 81.1086
436283060 89.9565
436283064 66.5566
436283076 111.927
436283080 81.7418
436283084 88.8533
436283088 91.6246
436283092 171.107
436283096 94.2029
436283108 80.2841
436283112 113.444
436283116 101.115
436283120 90.9842
436283124 94.9021
436283128 94.6965
436283140 176.094
436283144 96.3213
436283148 121.11
436283152 101.144
436283156 71.5684
436283160 81.3111
436283172 80.4472
436283176 91.0893
436283180 74.2999
436283184 84.6291
436283188 117.368
436283192 96.3271
436283204 97.6206
436283208 131.22
436283212 54.1582
436283216 78.1358
436283220 60.2518
436283224 151.22
436283236 96.7564
436283240 89.7207
436283244 102.579
436283248 91.7802
436283252 65.1457
436283256 90.4619
436283268 91.7912
436283272 110.084
436283276 88.1848
436283280 101.385
436283284 89.4087
436283288 72.3845
436293668 70.1092
436293672 72.9205
436293676 67.3634
436293680 80.5106
436293684 85.6157
436293688 95.7587
436293700 96.2664
436293704 67.3564
436293708 79.4598
436293712 90.1598
436293716 101.316
436293720 101.318
436293732 70.1837
436293736 65.113
436293740 116.367
436293744 131.303
436293748 111.321
436293752 50.7601
436293764 71.6714
436293768 151.375
436293772 75.702
436293776 71.71
436293780 71.2327
436293784 23.4278
436293796 101.282
436293800 111.315
436293804 121.282
436293808 101.315
436293812 91.2825
436293816 101.329
436293828 116.189
436293832 100.306
436293836 102.067
436293840 71.7234
436293844 84.3498
436293848 83.867
436293860 106.223
436293864 121.237
436293868 69.1205
436293872 67.4545
436293876 76.1307
436293880 105.243
436293892 136.323
436293896 105.85
436293900 121.353
436293904 131.315
436293908 131.334
436293912 61.2556
436293924 132.3
436293932 39.3965
436293936 76.7573
436293944 29.5331
436293956 84.1957
436293960 111.382
436293964 96.2859
436293968 91.3822
436293972 81.3477
436293976 97.65
436293988 87.9072
436293992 77.1953
436293996 79.4545
436294000 68.2067
436294004 77.8027
436294008 78.3244
436294020 146.372
436294024 62.2101
436294028 36.334
436294032 111.451
436294036 101.388
436294040 122.754
436294052 62.0574
436294056 55.7121
436294060 53.7509
436294064 38.1341
436294068 50.9362
436294072 67.3106
436294084 116.363
436294088 121.525
436294092 78.2986
436294096 91.9168
436294100 91.4509
436294104 50.9572
436294116 31.5058
436294120 62.1901
436294124 91.4373
436294128 40.4476
436294132 81.4565
436294136 52.3114
436294148 121.513
436294152 101.636
436294156 29.8418
436294160 121.661
436294164 70.751
436294168 76.4073
436294180 121.451
436294184 111.588
436294188 121.451
436294192 41.9963
436294196 74.2917
436294200 26.6859
436294212 67.7715
436294216 81.8398
436294220 75.07
436294224 90.9705
436294228 88.8868
436294244 60.1233
436294248 101.573
436294252 55.3115
436294256 55.7227
436294260 81.6696
436294264 23.8162
436294276 121.495
436294280 116.509
436294284 121.495
436294288 118.649
436294292 42.8991
436294296 90.9585
436294308 87.7995
436294312 71.9516
436294316 93.9769
436294320 82.675
436294324 111.454
436294328 65.8313
436294340 52.3659
436294344 84.0022
436294348 111.455
436294352 111.614
436294356 55.7515
436294360 101.614
436294372 131.321
436294376 72.8702
436294380 91.5492
436294384 83.4836
436294388 55.0677
436294392 59.5004
436294404 104.452
436294408 83.6679
436294412 111.432
436294416 121.406
436294420 111.415
436294424 85.1941
436294436 106.272
436294440 131.386
436294444 131.298
436294448 75.3902
436294452 64.7872
436294456 85.6978
436294468 131.384
436294472 141.409
436294476 50.8076
436294480 131.409
436294484 51.5668
436294488 105.67
436294500 90.8257
436294504 100.584
436294508 79.526
436294512 73.8093
436294516 81.2566
436294520 59.5159
436294532 121.339
436294536 61.06
436294544 113.352
436294552 28.0879
436294564 121.225
436294568 63.7096
436294572 82.9275
436294576 73.5513
436294580 77.251
436294584 78.3111
436294596 70.6452
436294600 101.372
436294604 91.3038
436294608 71.9383
436294616 75.1156
436294628 61.9302
436294632 131.32
436294636 81.3234
436294640 13.6417
436294644 40.8109
436294648 47.5213
436294660 151.255
436294664 69.9791
436294668 60.6876
436294672 71.956
436294676 131.255
436294680 45.0915
436294692 56.1474
436294696 62.7169
436294700 66.57
436294704 78.2152
436294708 131.258
436294712 111.265
436294724 81.0067
436294728 86.0884
436294732 111.564
436294736 45.9153
436294740 108.133
436294744 98.5636
436294756 146.152
436294760 87.8899
436294764 121.176
436294768 103.128
436294772 90.6998
436294776 56.7185
436294788 26.0665
436294792 43.8738
436294796 40.6218
436294808 121.319
436294820 45.8422
436294824 60.3778
436294828 85.217
436294832 83.6125
436294836 107.632
436294840 80.5607
436294852 146.21
436294856 141.057
436294860 51.7406
436294864 53.5781
436294868 131.222
436294872 53.2558
436294888 77.919
436294892 103.744
436294896 121.209
436294900 51.2762
436294916 121.229
436294920 31.5969
436294924 46.098
436294928 53.0996
436294932 92.6941
436294936 45.8138
436294948 41.3056
436294952 121.217
436294956 131.164
436294960 121.217
436294964 111.184
436294968 111.238
436294980 76.1795
436294984 34.7162
436294988 101.095
436294992 101.233
436294996 93.4557
436295000 141.233
436295016 68.2012
436295020 52.0038
436295024 28.1
436295028 120.299
436295032 84.5708
436295076 131.107
436295080 65.078
436295084 121.125
436295088 67.4833
436295092 25.4283
436295096 88.6333
436295108 87.5135
436295112 64.4753
436295116 101.281
436295124 68.5092
436295128 52.9273
436295140 42.3041
436295144 101.291
436295148 101.128
436295152 91.9356
436295156 22.7401
436295160 41.7194
436295172 62.4334
436295176 73.9501
436295180 87.1787
436295184 92.2213
436295188 101.141
436295204 83.7266
436295208 97.9593
436295212 69.9789
436295216 87.232
436295220 85.2039
436295224 81.8265
436295236 66.0758
436295240 69.0812
436295244 58.6134
436295248 29.9993
436295252 111.122
436295256 36.8462
436295268 131.121
436295272 126.147
436295276 121.121
436295280 131.158
436295284 121.121
436295288 53.53
436295300 102.348
436295304 95.9213
436295308 111.044
436295312 81.5452
436295316 113.512
436295320 83.578
436295332 131.153
436295336 131.238
436295340 70.2022
436295344 77.5372
436295348 119.223
436295352 68.2042
436295364 138.27
436295368 130.035
436295372 122.282
436295376 121.315
436295380 121.27
436295384 64.7949
436295396 121.223
436295400 31.0533
436295404 121.208
436295408 29.3225
436295412 101.248
436295416 121.228
436295428 72.4532
436295432 63.7558
436295436 83.84
436295440 60.2658
436295448 95.2085
436295460 63.5682
436295464 141.174
436295468 101.148
436295472 62.4103
436295476 69.0808
436295480 36.2219
436295492 53.8501
436295496 59.0427
436295500 131.229
436295504 91.3017
436295508 35.3754
436295512 64.4436
436295524 79.5
436295532 69.5702
436295540 75.5715
436295556 27.7469
436295560 37.6529
436295564 38.211
436295568 63.7731
436295572 141.268
436295576 121.286
436295588 59.9692
436295592 111.275
436295596 22.4385
436295600 101.275
436295604 111.226
436295608 71.2871
436295620 121.253
436295624 29.5989
436295628 42.7142
436295632 72.8892
436295636 91.7324
436295640 92.6558
436295652 111.168
436295656 56.8401
436295660 84.2575
436295664 81.0572
436295668 82.1982
436295672 85.526
436295684 91.1905
436295688 116.885
436295692 126.361
436295696 95.0561
436295700 93.4275
436295704 111.241
436295716 99.657
436295720 51.7172
436295724 66.9181
436295728 103.053
436295732 100.339
436295736 100.359
436295748 73.1319
436295756 121.277
436295760 111.367
436295764 26.6379
436295768 111.355
436297764 81.2402
436297768 37.9228
436297772 73.7148
436297776 94.7274
436297780 59.8161
436297784 81.2465
436297796 121.271
436297800 131.328
436297804 151.271
436297808 59.216
436297812 131.291
436297816 37.1383
436297828 121.764
436297832 59.1026
436297836 81.29
436297840 74.7301
436297844 33.7599
436297848 63.4862
436297860 101.341
436297864 111.333
436297868 101.341
436297872 101.429
436297876 101.341
436297880 101.429
436297892 84.5318
436297896 73.9745
436297904 73.1488
436297908 83.4915
436297912 144.367
436297924 121.337
436297928 91.4177
436297932 51.2963
436297936 63.9859
436297940 111.352
436297944 121.418
436297956 49.5355
436297960 121.35
436297964 111.31
436297968 61.7418
436297972 67.1946
436297976 111.4
436297988 61.8511
436297992 103.451
436297996 71.3672
436298000 90.6648
436298004 119.172
436298008 76.675
436298020 111.278
436298024 121.302
436298028 111.278
436298032 69.7348
436298036 131.333
436298040 75.7692
436298052 141.35
436298060 36.8366
436298064 52.5261
436298068 83.7592
436298084 50.9058
436298088 35.8433
436298092 46.4243
436298096 58.7099
436298100 57.4165
436298104 149.396
436298116 93.793
436298120 159.362
436298124 120.217
436298128 68.1844
436298132 53.7163
436298136 144.432
436298148 60.9652
436298152 24.3049
436298156 51.6441
436298160 66.7595
436298164 44.6742
436298168 47.2832
436298180 111.372
436298184 37.0893
436298188 121.372
436298192 63.6613
436298196 74.7096
436298200 61.4806
436298212 83.5619
436298216 62.1966
436298220 123.189
436298224 41.7408
436298228 45.4538
436298244 94.8731
436298248 63.7836
436298252 26.7144
436298256 36.9594
436298260 74.7873
436298264 50.9752
436298280 94.0032
436298296 67.9089
436298308 106.367
436298312 101.519
436298316 91.4094
436298320 81.5619
436298324 91.4094
436298328 39.0928
436298340 131.142
436298344 26.9461
436298348 131.142
436298352 49.8961
436298356 106.792
436298360 54.0202
436298372 62.3519
436298376 91.3872
436298380 101.31
436298384 92.9496
436298388 111.31
436298392 109.613
436298404 58.5418
436298408 83.0335
436298412 73.5996
436298416 102.882
436298420 45.3941
436298424 123.02
436298436 53.492
436298444 111.319
436298448 88.2517
436298452 121.319
436298456 61.4949
436298468 100.685
436298472 91.4853
436298476 81.3029
436298480 111.457
436298484 62.6214
436298488 78.4763
436298500 146.325
436298504 121.407
436298508 101.336
436298512 47.174
436298516 50.4965
436298520 82.048
436298532 63.2096
436298536 40.5438
436298540 86.8552
436298544 73.8008
436298548 70.1151
436298552 69.284
436298564 55.5616
436298568 82.3662
436298572 91.8175
436298576 119.94
436298580 108.776
436298584 83.6824
436298596 29.5968
436298600 131.352
436298604 111.325
436298608 38.1495
436298612 63.1569
436298616 141.418
436298628 70.6592
436298632 74.8438
436298636 75.3413
436298640 83.3625
436298644 87.7343
436298648 72.538
436298660 53.3669
436298664 14.6607
436298668 134.245
436298672 63.9667
436298676 80.6757
436298680 77.2924
436298692 50.7012
436298696 111.311
436298700 131.266
436298704 111.311
436298708 36.7778
436298712 84.3656
436298724 47.4996
436298728 93.7675
436298732 128.872
436298736 131.252
436298740 111.249
436298744 114.211
436298756 116.234
436298760 121.287
436298764 65.6059
436298768 121.303
436298776 60.9829
436298788 131.527
436298792 80.8652
436298800 131.672
436298804 106.983
436298808 82.3696
436298820 74.3083
436298824 111.278
436298832 141.278
436298836 43.8535
436298840 111.278
436298852 52.8446
436298856 31.8464
436298860 106.297
436298864 52.7682
436298868 49.3754
436298884 52.1523
436298888 131.256
436298892 52.3235
436298896 72.5213
436298900 140.233
436298904 44.9713
436298920 122.679
436298928 57.1899
436298932 82.3265
436298936 123.959
436298948 101.239
436298952 116.265
436298956 101.251
436298960 101.285
436298964 91.262
436298968 71.2965
436298980 84.5608
436298984 17.0399
436298988 100.955
436298992 91.0499
436298996 131.011
436299000 101.05
436299016 111.24
436299020 41.3748
436299024 101.254
436299028 101.212
436299032 91.2537
436299044 131.184
436299048 26.0881
436299052 56.8886
436299056 11.3001
436299060 51.9795
436299064 101.263
436299076 58.4748
436299080 145.238
436299084 45.9163
436299088 65.3795
436299092 47.5017
436299096 50.7842
436299108 52.3196
436299112 91.4777
436299116 87.115
436299120 67.469
436299124 55.5427
436299128 93.5434
436299140 35.7959
436299144 116.199
436299148 49.5779
436299152 101.225
436299156 141.189
436299160 25.9169
436299172 83.4643
436299176 72.2098
436299184 66.3512
436299188 63.2366
436299192 85.4606
436299204 111.088
436299208 113.125
436299212 111.088
436299216 73.682
436299220 99.7362
436299224 83.4642
436299236 109.779
436299240 112.142
436299244 116.215
436299248 68.4046
436299252 114.43
436299256 44.3223
436299268 62.7072
436299272 91.2608
436299276 99.9334
436299280 80.7966
436299284 81.9836
436299288 71.2664
436299300 53.5173
436299304 90.8961
436299308 131.141
436299312 47.0758
436299316 52.6439
436299320 36.8579
436299332 53.0403
436299336 59.9728
436299340 72.1118
436299344 75.0515
436299348 69.2758
436299352 83.1554
436299364 28.682
436299368 63.8987
436299372 59.5462
436299376 63.0615
436299380 69.556
436299384 121.182
436299396 78.8058
436299400 126.117
436299404 42.9991
436299408 90.6514
436299412 99.5487
436299416 105.786
436299428 65.4563
436299432 82.8842
436299436 76.6376
436299440 82.5962
436299444 93.9035
436299448 106.261
436299460 88.4917
436299464 53.7169
436299468 92.9152
436299472 100.032
436299476 99.0052
436299492 100.49
436299496 121.262
436299500 40.2571
436299504 9.35593
436299508 41.6514
436299512 75.6191
436299524 121.239
436299528 91.2521
436299532 101.239
436299536 57.3974
436299540 72.8099
436299544 81.7963
436299556 83.5305
436299560 56.372
436299564 60.7649
436299568 97.0013
436299572 51.184
436299576 58.3131
436299592 101.592
436299596 82.3085
436299600 80.433
436299604 79.2898
436299608 161.212
436299620 121.182
436299624 26.5833
436299628 50.3795
436299632 42.5231
436299636 61.8663
436299652 63.7187
436299656 107.197
436299660 110.093
436299664 109.968
436299668 109.829
436299672 121.174
436299684 136.403
436299688 121.274
436299692 47.751
436299696 27.5406
436299700 59.2701
436299704 53.7492
436299720 107.638
436299724 121.22
436299728 74.9143
436299732 52.6114
436299736 69.551
436299748 58.848
436299752 66.9672
436299756 91.1435
436299760 78.2151
436299764 83.1579
436299768 101.415
436299780 79.2592
436299784 94.1256
436299788 77.8571
436299792 91.5692
436299796 84.246
436299800 85.8262
436299812 32.91
436299816 69.5627
436299820 49.2267
436299824 66.9306
436299828 56.8783
436299832 54.1732
436299844 121.28
436299848 121.313
436299852 111.28
436299856 111.347
436299860 121.28
436299864 121.332
436310084 77.5307
436310088 95.1701
436310092 89.5797
436310096 88.5802
436310100 88.0723
436310104 84.434
436310116 61.6723
436310120 66.8664
436310124 69.7434
436310128 82.3154
436310132 45.4445
436310136 54.5792
436310148 38.1402
436310152 56.6354
436310156 55.3317
436310160 57.2672
436310164 47.4259
436310168 78.5424
436310180 35.4939
436310184 51.4605
436310188 61.4147
436310192 75.2567
436310196 80.1267
436310200 47.9366
436310212 89.3411
436310216 92.3445
436310220 88.6381
436310224 87.4907
436310228 80.5464
436310232 91.1371
436310244 122.114
436310248 67.9282
436310252 128.285
436310256 55.216
436310260 108.515
436310264 117.267
436310276 57.0784
436310280 76.5901
436310284 79.0107
436310288 77.5747
436310292 68.5692
436310296 90.3668
436310308 101.078
436310312 131.064
436310316 50.9202
436310320 66.6577
436310324 92.5702
436310328 80.8027
436310340 82.4939
436310344 116.308
436310348 62.0887
436310352 101.332
436310356 40.8485
436310360 111.332
436310372 56.0038
436310376 99.2404
436310380 68.6005
436310384 81.773
436310388 95.8615
436310392 103.032
436310404 151.297
436310408 85.5548
436310412 34.0044
436310416 35.3587
436310420 111.317
436310424 76.8122
436310436 102.161
436310440 114.398
436310444 97.2084
436310448 88.9951
436310452 81.1928
436310456 101.403
436310468 124.391
436310472 65.3036
436310476 73.2347
436310480 79.6985
436310484 67.5035
436310488 60.3054
436310500 46.8744
436310504 78.3193
436310508 101.376
436310512 88.6303
436310516 68.3002
436310520 63.9108
436310532 -11.6731
436310536 6.59346
436310540 111.416
436310544 15.5871
436310548 111.416
436310552 36.965
436310564 112.114
436310568 15.3782
436310576 22.1595
436310580 59.7258
436310584 111.562
436310596 36.415
436310600 61.1731
436310604 111.436
436310608 101.608
436310612 77.2431
436310616 48.4657
436310628 111.458
436310632 25.5367
436310636 32.4822
436310640 50.4414
436310644 -11.1982
436310648 3.5073
436310660 101.56
436310664 111.644
436310668 111.56
436310672 101.644
436310676 111.56
436310680 101.644
436310692 109.185
436310696 55.1845
436310700 83.3263
436310704 103.447
436310708 84.985
436310712 93.6829
436310724 121.434
436310728 111.473
436310732 4.24778
436310736 111.496
436310740 101.468
436310744 17.1205
436310756 101.421
436310760 91.5531
436310764 73.509
436310776 26.9313
436310788 101.405
436310792 111.476
436310796 113.481
436310800 101.494
436310804 111.405
436310808 111.494
436310820 76.7027
436310824 90.5062
436310828 80.2485
436310832 57.2841
436310852 39.3853
436310856 131.444
436310860 139.784
436310864 74.8621
436310868 111.334
436310872 48.7974
436310884 111.317
436310888 65.3835
436310892 91.3175
436310896 121.29
436310900 48.0129
436310904 64.7499
436310916 71.7567
436310920 100.457
436310924 24.1337
436310928 94.9201
436310932 84.8884
436310936 73.445
436310952 52.2838
436310960 91.2386
436310968 91.2386
436310984 47.0386
436310992 43.4112
436310996 91.2728
436311000 101.337
436311012 62.739
436311016 42.6111
436311020 15.7284
436311024 46.924
436311028 91.558
436311032 111.351
436311044 -4.51822
436311052 81.309
436311056 33.2106
436311060 15.6047
436311064 85.5138
436311076 36.4539
436311080 59.6366
436311084 72.643
436311088 44.2472
436311092 101.224
436311096 12.4512
436311108 26.0476
436311112 13.6156
436311116 101.242
436311120 8.9993
436311124 57.4243
436311128 91.2975
436311140 86.1467
436311144 109.013
436311148 71.2397
436311152 59.022
436311156 99.2331
436311160 57.9281
436311176 36.4074
436311180 96.0425
436311188 107.105
436311192 80.9861
436311204 121.165
436311208 11.5302
436311212 121.184
436311216 121.248
436311220 63.7142
436311224 46.8319
436311236 27.0677
436311240 111.945
436311244 101.147
436311248 122.557
436311252 121.147
436311256 41.1922
436311268 106.442
436311272 80.4033
436311276 90.8427
436311280 83.2746
436311284 111.788
436311288 75.0207
436311300 43.437
436311304 54.2775
436311308 72.823
436311312 60.0364
436311316 59.0154
436311320 55.6544
436311332 111.127
436311336 101.196
436311340 27.1178
436311344 101.208
436311348 111.15
436311352 101.208
436311368 91.2102
436311372 31.246
436311384 121.21
436311396 111.17
436311404 98.0699
436311412 10.7031
436311416 101.189
436311428 121.117
436311432 3.2901
436311436 -1.37054
436311440 52.0024
436311444 61.9317
436311448 75.4519
436311460 39.4318
436311464 35.1956
436311468 93.14
436311472 58.0648
436311476 72.6915
436311480 47.7447
436311492 15.6433
436311496 14.0762
436311500 20.7036
436311504 58.5192
436311508 121.115
436311512 111.156
436311524 64.1074
436311528 116.02
436311532 75.5906
436311536 77.6592
436311540 99.3858
436311544 109.536
436311556 15.3553
436311560 111.177
436311564 121.135
436311568 -4.22294
436311572 101.116
436311576 81.1773
436311588 93.1388
436311592 121.08
436311596 59.6294
436311600 66.3139
436311604 80.5678
436311608 72.9357
436311620 81.9491
436311628 52.0319
436311652 79.6654
436311656 48.36
436311660 114.831
436311664 116.12
436311668 98.1766
436311672 19.4273
436311716 111.092
436311720 19.212
436311724 23.1272
436311728 81.1181
436311732 4.2994
436311736 48.8598
436311748 33.0553
436311752 81.1234
436311756 71.0844
436311760 91.1234
436311764 43.4303
436311768 91.1234
436311780 73.0274
436311784 71.484
436311788 71.0056
436311792 81.087
436311796 67.0408
436311800 121.035
436311812 109.359
436311816 16.1918
436311820 -12.4598
436311824 109.797
436311828 28.1192
436311832 28.0997
436311852 121.106
436311864 9.70671
436311876 67.856
436311880 78.3206
436311884 51.1292
436311888 66.3008
436311892 79.6484
436311896 102.107
436311908 102.316
436311912 99.3461
436311916 102.353
436311920 -2.63712
436311924 112.353
436311928 6.74018
436311940 33.5832
436311944 43.8914
436311948 58.8187
436311952 84.796
436311956 91.6476
436311960 69.3131
436311972 114.06
436311988 107.69
436312004 69.4354
436312008 55.2255
436312012 71.0413
436312016 81.046
436312020 63.818
436312024 113.647
436312036 76.4826
436312040 82.7582
436312044 91.7675
436312048 121.134
436312052 46.0605
436312056 53.548
436312068 21.5968
436312072 43.6688
436312076 60.3244
436312080 33.3563
436312084 52.9012
436312088 76.4365
436312104 61.7734
436312108 72.7862
436312116 121.169
436312132 37.998
436312136 35.1296
436312140 54.7086
436312144 46.0841
436312148 50.1592
436312152 52.7921
436312164 49.7801
436312168 93.6787
436312172 89.6794
436312176 92.2779
436312180 74.6
436312184 88.4925
436312196 -13.508
436312200 -7.46451
436312204 4.39689
436312208 101.272
436312212 110.963
436312216 27.0834
436312228 97.7978
436312232 57.0505
436312236 102.145
436312240 92.9602
436312244 82.9514
436312248 94.1187
436312292 106.018
436312296 88.5109
436312300 82.4764
436312304 88.2436
436312308 95.5755
436312312 102.985
436312336 66.9422
436312340 73.249
436312344 42.9011
436312356 64.9555
436312360 71.5537
436312364 25.2685
436312368 40.6308
436312372 88.7811
436312376 70.4202
436312388 51.9422
436312392 21.4415
436312396 47.123
436312400 60.1486
436312404 72.8905
436312408 59.2445
436314148 101.122
436314152 80.5433
436314156 90.6884
436314160 83.0679
436314164 63.2028
436314168 78.698
436314180 57.2391
436314184 81.0896
436314188 76.3845
436314192 83.3737
436314196 81.837
436314212 121.179
436314216 32.1482
436314220 101.213
436314224 13.9035
436314228 52.0289
436314232 23.357
436314244 74.455
436314248 76.2695
436314252 79.6179
436314260 71.6368
436314264 78.9482
436314276 66.1337
436314280 69.9103
436314284 56.8159
436314288 80.6789
436314292 102.943
436314296 80.3749
436314308 48.6402
436314312 26.2185
436314316 27.008
436314320 29.3307
436314324 121.243
436314328 44.5726
436314340 55.927
436314344 28.159
436314348 71.1004
436314352 111.298
436314356 73.429
436314360 71.9123
436314372 47.2261
436314376 23.9835
436314380 6.47938
436314384 101.283
436314388 101.251
436314392 41.1872
436314404 99.7208
436314408 98.9457
436314412 92.578
436314416 79.797
436314420 104.13
436314424 83.4176
436314436 73.6324
436314440 76.6997
436314444 56.9417
436314448 60.545
436314452 111.214
436314456 67.9461
436314468 70.2049
436314472 69.0023
436314476 98.4841
436314480 98.2939
436314484 83.0717
436314500 81.1425
436314504 55.2023
436314508 54.1913
436314512 31.701
436314520 43.704
436314532 71.917
436314536 100.687
436314540 67.2585
436314544 80.4778
436314548 103.397
436314552 95.2191
436314564 61.5783
436314568 79.5568
436314572 98.0631
436314576 53.3705
436314580 91.3024
436314596 107.134
436314600 1.45961
436314604 79.8133
436314608 80.6564
436314612 93.8481
436314616 77.5007
436314628 58.2338
436314632 83.2204
436314636 91.4016
436314640 63.8891
436314644 79.3059
436314648 70.5721
436314660 121.437
436314664 45.9885
436314668 60.8505
436314672 87.8558
436314676 82.1709
436314680 72.4017
436314692 98.4634
436314696 91.533
436314700 79.6329
436314704 84.9756
436314708 79.1986
436314712 91.5496
436314724 44.3659
436314728 91.5456
436314732 102.166
436314736 109.983
436314740 82.1437
436314744 116.942
436314756 60.8203
436314760 121.673
436314764 17.4379
436314768 44.7884
436314776 39.8251
436314788 101.454
436314792 111.549
436314796 35.3845
436314800 121.549
436314804 100.846
436314808 69.3438
436314820 7.80259
436314824 72.3281
436314828 33.3787
436314832 49.5001
436314836 111.473
436314840 71.7674
436314852 70.2827
436314856 87.0833
436314864 82.2537
436314872 89.6919
436314884 57.4084
436314888 47.9725
436314892 131.372
436314896 111.479
436314900 59.3515
436314904 29.9048
436314924 81.3822
436314928 34.5502
436314932 121.382
436314936 38.7355
436314948 80.1353
436314956 90.6013
436314960 77.68
436314964 87.8118
436314968 80.9026
436314980 59.2638
436314984 121.466
436314988 101.371
436314992 45.5575
436314996 111.353
436315000 111.466
436315012 38.6571
436315016 60.5377
436315020 40.6369
436315024 76.2825
436315028 111.352
436315032 68.7785
436315044 83.7586
436315048 57.1811
436315052 66.9383
436315056 83.9133
436315064 91.7938
436315076 91.3147
436315084 61.0431
436315088 41.2916
436315092 101.315
436315096 101.339
436315108 51.1208
436315112 80.3428
436315116 44.9841
436315120 64.0602
436315124 51.5453
436315128 83.5691
436315140 7.0247
436315144 70.0479
436315148 21.4264
436315152 9.65386
436315156 101.295
436315160 24.987
436315172 62.3721
436315176 31.7949
436315180 67.2751
436315184 56.4647
436315188 39.3262
436315192 130.233
436315204 88.8339
436315208 98.5605
436315212 89.8848
436315216 86.9542
436315220 89.7041
436315224 88.0893
436315236 111.216
436315240 37.2466
436315244 141.216
436315248 111.264
436315252 111.232
436315256 39.9875
436315268 48.4974
436315276 97.2729
436315280 78.8312
436315284 99.3913
436315288 95.4885
436315300 64.0514
436315304 79.0967
436315308 60.9172
436315312 80.5109
436315320 92.3574
436315332 54.848
436315336 70.8525
436315340 86.0477
436315344 70.7918
436315348 64.7754
436315352 75.2445
436315364 71.7469
436315368 95.7593
436315372 76.5165
436315376 93.6585
436315380 64.6903
436315384 66.2812
436315396 118.778
436315400 64.9944
436315404 60.9531
436315408 76.7876
436315412 63.9337
436315416 63.4755
436315428 52.0398
436315432 7.36219
436315436 121.146
436315440 121.193
436315444 51.6112
436315448 62.3605
436315460 92.1992
436315464 72.3811
436315468 74.6812
436315472 89.2108
436315476 79.1541
436315480 87.3206
436315492 88.4141
436315496 74.9358
436315500 95.0001
436315504 112.075
436315508 92.4484
436315512 69.1784
436315524 38.4013
436315528 39.837
436315532 33.8544
436315536 73.785
436315540 21.2512
436315544 105.691
436315556 19.479
436315560 39.0752
436315564 121.107
436315568 44.2223
436315572 104.996
436315576 101.155
436315588 111.041
436315592 -25.2073
436315596 62.3665
436315600 90.6512
436315604 85.9015
436315608 43.7404
436315620 80.4354
436315628 82.6012
436315632 81.4233
436315640 47.9429
436315652 32.6495
436315656 121.163
436315660 40.2503
436315664 41.7263
436315668 101.126
436315672 68.5106
436315684 121.103
436315688 28.4137
436315692 76.3415
436315696 91.1694
436315700 34.9569
436315704 72.1704
436315716 121.137
436315724 101.157
436315728 9.39845
436315732 36.7391
436315736 101.181
436315748 89.1481
436315752 79.8215
436315756 90.2772
436315764 94.9169
436315768 68.7996
436315780 24.2731
436315784 29.1197
436315788 49.4006
436315792 111.13
436315796 37.19
436315800 32.9042
436315812 127.342
436315816 121.076
436315820 111.052
436315824 59.0494
436315828 88.3791
436315832 102.781
436315844 42.6597
436315848 101.171
436315852 2.15598
436315856 98.7843
436315860 111.092
436315864 91.1705
436315876 101.102
436315880 111.163
436315884 19.0056
436315888 14.5574
436315896 6.35037
436315908 12.8704
436315912 90.1282
436315916 59.6621
436315920 46.1715
436315924 81.0203
436315928 48.1819
436315940 141.062
436315944 111.154
436315948 -3.11651
436315952 40.1044
436315956 18.6022
436315960 44.8111
436315972 50.9548
436315976 50.0497
436315980 39.9987
436315984 24.8471
436315988 85.3281
436315992 81.1519
436316004 61.2965
436316008 72.0348
436316012 130.868
436316016 62.6422
436316020 28.8654
436316024 35.4117
436316036 111.134
436316040 46.2985
436316044 131.134
436316048 121.154
436316052 1.3083
436316056 56.4486
436316068 111.149
436316072 121.182
436316076 16.0508
436316080 111.2
436316084 101.163
436316088 8.40897
436316100 43.85
436316104 61.6121
436316108 101.125
436316112 68.6098
436316116 131.125
436316132 77.5914
436316136 88.8628
436316140 36.2621
436316144 62.0953
436316148 84.0586
436316152 56.7378
436316164 86.6935
436316168 51.8052
436316172 100.203
436316176 68.3918
436316184 79.1726
436316196 128.186
436316200 35.9741
436316204 103.701
436316208 39.7749
436316212 35.2605
436316216 73.0599
436316232 59.0107
436316240 49.4283
436316244 111.156
436316248 50.4326
436316260 123.964
436316264 8.46148
436316268 8.58686
436316276 111.197
436316280 64.9378
436316292 70.4809
436316296 91.9266
436316300 69.3025
436316304 80.693
436316312 94.0195
436316324 61.3878
436316328 67.0907
436316332 46.5142
436316336 97.2819
436316340 112.397
436316344 53.7935
436316356 121.072
436316360 81.2833
436316364 29.6237
436316368 10.4661
436316372 58.5632
436316376 121.219
436316388 51.9406
436316392 90.0493
436316396 29.6856
436316400 38.4753
436316404 121.146
436316408 43.3837
436316420 101.088
436316424 63.2559
436316428 78.1835
436316432 72.9047
436316436 76.501
436316440 76.8712
436316452 61.8876
436316456 59.5256
436316460 97.0803
436316464 73.6714
436316468 71.8184
436316472 84.9803
436316484 49.3711
436316488 -57.2182
436316492 36.5867
436316496 119.082
436316500 55.8934
436316504 66.1017
