470044965
470044966
470044997
470044998
470045028
470045032
470045060
470045064
470045068
470045093
470045094
470045097
470045098
470045101
470045102
470045124
470045128
470045132
470045156
470045160
470045164
470045168
470045172
470045221
470045222
470045253
470045254
470045284
470045288
470045316
470045320
470045324
470045349
470045350
470045353
470045354
470045357
470045358
470045380
470045384
470045388
470045412
470045416
470045420
470045424
470045428
470045477
470045478
470045509
470045510
470045540
470045544
470045572
470045576
470045580
470045605
470045606
470045609
470045610
470045613
470045614
470045636
470045640
470045644
470045668
470045672
470045676
470045680
470045684
470045733
470045734
470045765
470045766
470045796
470045800
470045828
470045832
470045836
470045861
470045862
470045865
470045866
470045869
470045870
470045892
470045896
470045900
470045924
470045928
470045932
470045936
470045940
470045989
470045990
470046021
470046022
470046052
470046056
470046084
470046088
470046092
470046117
470046118
470046121
470046122
470046125
470046126
470046148
470046152
470046156
470046180
470046184
470046188
470046192
470046196
470046245
470046246
470046277
470046278
470046308
470046312
470046340
470046344
470046348
470046373
470046374
470046377
470046378
470046381
470046382
470046404
470046408
470046412
470046436
470046440
470046444
470046448
470046452
470046501
470046502
470046533
470046534
470046564
470046568
470046596
470046600
470046604
470046629
470046630
470046633
470046634
470046637
470046638
470046660
470046664
470046668
470046692
470046696
470046700
470046704
470046708
470046757
470046758
470046789
470046790
470046820
470046824
470046852
470046856
470046860
470046885
470046886
470046889
470046890
470046893
470046894
470046916
470046920
470046924
470046948
470046952
470046956
470046960
470046964
470049061
470049062
470049065
470049066
470049093
470049094
470049097
470049098
470049124
470049128
470049132
470049156
470049160
470049164
470049168
470049189
470049190
470049193
470049194
470049220
470049224
470049228
470049232
470049252
470049256
470049260
470049264
470049268
470049317
470049318
470049321
470049322
470049349
470049350
470049353
470049354
470049380
470049384
470049388
470049412
470049416
470049420
470049424
470049445
470049446
470049449
470049450
470049476
470049480
470049484
470049488
470049508
470049512
470049516
470049520
470049524
470049573
470049574
470049577
470049578
470049605
470049606
470049609
470049610
470049636
470049640
470049644
470049668
470049672
470049676
470049680
470049701
470049702
470049705
470049706
470049732
470049736
470049740
470049744
470049764
470049768
470049772
470049776
470049780
470049829
470049830
470049833
470049834
470049861
470049862
470049865
470049866
470049892
470049896
470049900
470049924
470049928
470049932
470049936
470049957
470049958
470049961
470049962
470049988
470049992
470049996
470050000
470050020
470050024
470050028
470050032
470050036
470050085
470050086
470050089
470050090
470050117
470050118
470050121
470050122
470050148
470050152
470050156
470050180
470050184
470050188
470050192
470050213
470050214
470050217
470050218
470050244
470050248
470050252
470050256
470050276
470050280
470050284
470050288
470050292
470050341
470050342
470050345
470050346
470050373
470050374
470050377
470050378
470050404
470050408
470050412
470050436
470050440
470050444
470050448
470050469
470050470
470050473
470050474
470050500
470050504
470050508
470050512
470050532
470050536
470050540
470050544
470050548
470050597
470050598
470050601
470050602
470050629
470050630
470050633
470050634
470050660
470050664
470050668
470050692
470050696
470050700
470050704
470050725
470050726
470050729
470050730
470050756
470050760
470050764
470050768
470050788
470050792
470050796
470050800
470050804
470050853
470050854
470050857
470050858
470050885
470050886
470050889
470050890
470050916
470050920
470050924
470050948
470050952
470050956
470050960
470050981
470050982
470050985
470050986
470051012
470051016
470051020
470051024
470051044
470051048
470051052
470051056
470051060
470061349
470061350
470061381
470061382
470061412
470061416
470061444
470061448
470061452
470061477
470061478
470061481
470061482
470061485
470061486
470061508
470061512
470061516
470061540
470061544
470061548
470061552
470061556
470061605
470061606
470061637
470061638
470061668
470061672
470061700
470061704
470061708
470061733
470061734
470061737
470061738
470061741
470061742
470061764
470061768
470061772
470061796
470061800
470061804
470061808
470061812
470061861
470061862
470061893
470061894
470061924
470061928
470061956
470061960
470061964
470061989
470061990
470061993
470061994
470061997
470061998
470062020
470062024
470062028
470062052
470062056
470062060
470062064
470062068
470062117
470062118
470062149
470062150
470062180
470062184
470062212
470062216
470062220
470062245
470062246
470062249
470062250
470062253
470062254
470062276
470062280
470062284
470062308
470062312
470062316
470062320
470062324
470062373
470062374
470062405
470062406
470062436
470062440
470062468
470062472
470062476
470062501
470062502
470062505
470062506
470062509
470062510
470062532
470062536
470062540
470062564
470062568
470062572
470062576
470062580
470062629
470062630
470062661
470062662
470062692
470062696
470062724
470062728
470062732
470062757
470062758
470062761
470062762
470062765
470062766
470062788
470062792
470062796
470062820
470062824
470062828
470062832
470062836
470062885
470062886
470062917
470062918
470062948
470062952
470062980
470062984
470062988
470063013
470063014
470063017
470063018
470063021
470063022
470063044
470063048
470063052
470063076
470063080
470063084
470063088
470063092
470063141
470063142
470063173
470063174
470063204
470063208
470063236
470063240
470063244
470063269
470063270
470063273
470063274
470063277
470063278
470063300
470063304
470063308
470063332
470063336
470063340
470063344
470063348
470065445
470065446
470065449
470065450
470065477
470065478
470065481
470065482
470065508
470065512
470065516
470065540
470065544
470065548
470065552
470065573
470065574
470065577
470065578
470065604
470065608
470065612
470065616
470065636
470065640
470065644
470065648
470065652
470065701
470065702
470065705
470065706
470065733
470065734
470065737
470065738
470065764
470065768
470065772
470065796
470065800
470065804
470065808
470065829
470065830
470065833
470065834
470065860
470065864
470065868
470065872
470065892
470065896
470065900
470065904
470065908
470065957
470065958
470065961
470065962
470065989
470065990
470065993
470065994
470066020
470066024
470066028
470066052
470066056
470066060
470066064
470066085
470066086
470066089
470066090
470066116
470066120
470066124
470066128
470066148
470066152
470066156
470066160
470066164
470066213
470066214
470066217
470066218
470066245
470066246
470066249
470066250
470066276
470066280
470066284
470066308
470066312
470066316
470066320
470066341
470066342
470066345
470066346
470066372
470066376
470066380
470066384
470066404
470066408
470066412
470066416
470066420
470066469
470066470
470066473
470066474
470066501
470066502
470066505
470066506
470066532
470066536
470066540
470066564
470066568
470066572
470066576
470066597
470066598
470066601
470066602
470066628
470066632
470066636
470066640
470066660
470066664
470066668
470066672
470066676
470066725
470066726
470066729
470066730
470066757
470066758
470066761
470066762
470066788
470066792
470066796
470066820
470066824
470066828
470066832
470066853
470066854
470066857
470066858
470066884
470066888
470066892
470066896
470066916
470066920
470066924
470066928
470066932
470066981
470066982
470066985
470066986
470067013
470067014
470067017
470067018
470067044
470067048
470067052
470067076
470067080
470067084
470067088
470067109
470067110
470067113
470067114
470067140
470067144
470067148
470067152
470067172
470067176
470067180
470067184
470067188
470067237
470067238
470067241
470067242
470067269
470067270
470067273
470067274
470067300
470067304
470067308
470067332
470067336
470067340
470067344
470067365
470067366
470067369
470067370
470067396
470067400
470067404
470067408
470067428
470067432
470067436
470067440
470067444
470077733
470077734
470077765
470077766
470077796
470077800
470077828
470077832
470077836
470077861
470077862
470077865
470077866
470077869
470077870
470077892
470077896
470077900
470077924
470077928
470077932
470077936
470077940
470077989
470077990
470078021
470078022
470078052
470078056
470078084
470078088
470078092
470078117
470078118
470078121
470078122
470078125
470078126
470078148
470078152
470078156
470078180
470078184
470078188
470078192
470078196
470078245
470078246
470078277
470078278
470078308
470078312
470078340
470078344
470078348
470078373
470078374
470078377
470078378
470078381
470078382
470078404
470078408
470078412
470078436
470078440
470078444
470078448
470078452
470078501
470078502
470078533
470078534
470078564
470078568
470078596
470078600
470078604
470078629
470078630
470078633
470078634
470078637
470078638
470078660
470078664
470078668
470078692
470078696
470078700
470078704
470078708
470078757
470078758
470078789
470078790
470078820
470078824
470078852
470078856
470078860
470078885
470078886
470078889
470078890
470078893
470078894
470078916
470078920
470078924
470078948
470078952
470078956
470078960
470078964
470079013
470079014
470079045
470079046
470079076
470079080
470079108
470079112
470079116
470079141
470079142
470079145
470079146
470079149
470079150
470079172
470079176
470079180
470079204
470079208
470079212
470079216
470079220
470079269
470079270
470079301
470079302
470079332
470079336
470079364
470079368
470079372
470079397
470079398
470079401
470079402
470079405
470079406
470079428
470079432
470079436
470079460
470079464
470079468
470079472
470079476
470079525
470079526
470079557
470079558
470079588
470079592
470079620
470079624
470079628
470079653
470079654
470079657
470079658
470079661
470079662
470079684
470079688
470079692
470079716
470079720
470079724
470079728
470079732
470081829
470081830
470081833
470081834
470081861
470081862
470081865
470081866
470081892
470081896
470081900
470081924
470081928
470081932
470081936
470081957
470081958
470081961
470081962
470081988
470081992
470081996
470082000
470082020
470082024
470082028
470082032
470082036
470082085
470082086
470082089
470082090
470082117
470082118
470082121
470082122
470082148
470082152
470082156
470082180
470082184
470082188
470082192
470082213
470082214
470082217
470082218
470082244
470082248
470082252
470082256
470082276
470082280
470082284
470082288
470082292
470082341
470082342
470082345
470082346
470082373
470082374
470082377
470082378
470082404
470082408
470082412
470082436
470082440
470082444
470082448
470082469
470082470
470082473
470082474
470082500
470082504
470082508
470082512
470082532
470082536
470082540
470082544
470082548
470082597
470082598
470082601
470082602
470082629
470082630
470082633
470082634
470082660
470082664
470082668
470082692
470082696
470082700
470082704
470082725
470082726
470082729
470082730
470082756
470082760
470082764
470082768
470082788
470082792
470082796
470082800
470082804
470082853
470082854
470082857
470082858
470082885
470082886
470082889
470082890
470082916
470082920
470082924
470082948
470082952
470082956
470082960
470082981
470082982
470082985
470082986
470083012
470083016
470083020
470083024
470083044
470083048
470083052
470083056
470083060
470083109
470083110
470083113
470083114
470083141
470083142
470083145
470083146
470083172
470083176
470083180
470083204
470083208
470083212
470083216
470083237
470083238
470083241
470083242
470083268
470083272
470083276
470083280
470083300
470083304
470083308
470083312
470083316
470083365
470083366
470083369
470083370
470083397
470083398
470083401
470083402
470083428
470083432
470083436
470083460
470083464
470083468
470083472
470083493
470083494
470083497
470083498
470083524
470083528
470083532
470083536
470083556
470083560
470083564
470083568
470083572
470083621
470083622
470083625
470083626
470083653
470083654
470083657
470083658
470083684
470083688
470083692
470083716
470083720
470083724
470083728
470083749
470083750
470083753
470083754
470083780
470083784
470083788
470083792
470083812
470083816
470083820
470083824
470083828
470094149
470094150
470094180
470094184
470094212
470094216
470094220
470094245
470094246
470094249
470094250
470094253
470094254
470094276
470094280
470094284
470094308
470094312
470094316
470094320
470094324
470094405
470094406
470094436
470094440
470094468
470094472
470094476
470094501
470094502
470094505
470094506
470094509
470094510
470094532
470094536
470094540
470094564
470094568
470094572
470094576
470094580
470094661
470094662
470094692
470094696
470094724
470094728
470094732
470094757
470094758
470094761
470094762
470094765
470094766
470094788
470094792
470094796
470094820
470094824
470094828
470094832
470094836
470094917
470094918
470094948
470094952
470094980
470094984
470094988
470095013
470095014
470095017
470095018
470095021
470095022
470095044
470095048
470095052
470095076
470095080
470095084
470095088
470095092
470095173
470095174
470095204
470095208
470095236
470095240
470095244
470095269
470095270
470095273
470095274
470095277
470095278
470095300
470095304
470095308
470095332
470095336
470095340
470095344
470095348
470095429
470095430
470095460
470095464
470095492
470095496
470095500
470095525
470095526
470095529
470095530
470095533
470095534
470095556
470095560
470095564
470095588
470095592
470095596
470095600
470095604
470095685
470095686
470095716
470095720
470095748
470095752
470095756
470095781
470095782
470095785
470095786
470095789
470095790
470095812
470095816
470095820
470095844
470095848
470095852
470095856
470095860
470095941
470095942
470095972
470095976
470096004
470096008
470096012
470096037
470096038
470096041
470096042
470096045
470096046
470096068
470096072
470096076
470096100
470096104
470096108
470096112
470096116
470098245
470098246
470098249
470098250
470098276
470098280
470098284
470098308
470098312
470098316
470098320
470098341
470098342
470098345
470098346
470098372
470098376
470098380
470098384
470098404
470098408
470098412
470098416
470098420
470098501
470098502
470098505
470098506
470098532
470098536
470098540
470098564
470098568
470098572
470098576
470098597
470098598
470098601
470098602
470098628
470098632
470098636
470098640
470098660
470098664
470098668
470098672
470098676
470098757
470098758
470098761
470098762
470098788
470098792
470098796
470098820
470098824
470098828
470098832
470098853
470098854
470098857
470098858
470098884
470098888
470098892
470098896
470098916
470098920
470098924
470098928
470098932
470099013
470099014
470099017
470099018
470099044
470099048
470099052
470099076
470099080
470099084
470099088
470099109
470099110
470099113
470099114
470099140
470099144
470099148
470099152
470099172
470099176
470099180
470099184
470099188
470099269
470099270
470099273
470099274
470099300
470099304
470099308
470099332
470099336
470099340
470099344
470099365
470099366
470099369
470099370
470099396
470099400
470099404
470099408
470099428
470099432
470099436
470099440
470099444
470099525
470099526
470099529
470099530
470099556
470099560
470099564
470099588
470099592
470099596
470099600
470099621
470099622
470099625
470099626
470099652
470099656
470099660
470099664
470099684
470099688
470099692
470099696
470099700
470099781
470099782
470099785
470099786
470099812
470099816
470099820
470099844
470099848
470099852
470099856
470099877
470099878
470099881
470099882
470099908
470099912
470099916
470099920
470099940
470099944
470099948
470099952
470099956
470100037
470100038
470100041
470100042
470100068
470100072
470100076
470100100
470100104
470100108
470100112
470100133
470100134
470100137
470100138
470100164
470100168
470100172
470100176
470100196
470100200
470100204
470100208
470100212
470110533
470110534
470110564
470110568
470110596
470110600
470110604
470110629
470110630
470110633
470110634
470110637
470110638
470110660
470110664
470110668
470110692
470110696
470110700
470110704
470110708
470110789
470110790
470110820
470110824
470110852
470110856
470110860
470110885
470110886
470110889
470110890
470110893
470110894
470110916
470110920
470110924
470110948
470110952
470110956
470110960
470110964
470111045
470111046
470111076
470111080
470111108
470111112
470111116
470111141
470111142
470111145
470111146
470111149
470111150
470111172
470111176
470111180
470111204
470111208
470111212
470111216
470111220
470111301
470111302
470111332
470111336
470111364
470111368
470111372
470111397
470111398
470111401
470111402
470111405
470111406
470111428
470111432
470111436
470111460
470111464
470111468
470111472
470111476
470111557
470111558
470111588
470111592
470111620
470111624
470111628
470111653
470111654
470111657
470111658
470111661
470111662
470111684
470111688
470111692
470111716
470111720
470111724
470111728
470111732
470111813
470111814
470111844
470111848
470111876
470111880
470111884
470111909
470111910
470111913
470111914
470111917
470111918
470111940
470111944
470111948
470111972
470111976
470111980
470111984
470111988
470112069
470112070
470112100
470112104
470112132
470112136
470112140
470112165
470112166
470112169
470112170
470112173
470112174
470112196
470112200
470112204
470112228
470112232
470112236
470112240
470112244
470112325
470112326
470112356
470112360
470112388
470112392
470112396
470112421
470112422
470112425
470112426
470112429
470112430
470112452
470112456
470112460
470112484
470112488
470112492
470112496
470112500
470114629
470114630
470114633
470114634
470114660
470114664
470114668
470114692
470114696
470114700
470114704
470114725
470114726
470114729
470114730
470114756
470114760
470114764
470114768
470114788
470114792
470114796
470114800
470114804
470114885
470114886
470114889
470114890
470114916
470114920
470114924
470114948
470114952
470114956
470114960
470114981
470114982
470114985
470114986
470115012
470115016
470115020
470115024
470115044
470115048
470115052
470115056
470115060
470115141
470115142
470115145
470115146
470115172
470115176
470115180
470115204
470115208
470115212
470115216
470115237
470115238
470115241
470115242
470115268
470115272
470115276
470115280
470115300
470115304
470115308
470115312
470115316
470115397
470115398
470115401
470115402
470115428
470115432
470115436
470115460
470115464
470115468
470115472
470115493
470115494
470115497
470115498
470115524
470115528
470115532
470115536
470115556
470115560
470115564
470115568
470115572
470115653
470115654
470115657
470115658
470115684
470115688
470115692
470115716
470115720
470115724
470115728
470115749
470115750
470115753
470115754
470115780
470115784
470115788
470115792
470115812
470115816
470115820
470115824
470115828
470115909
470115910
470115913
470115914
470115940
470115944
470115948
470115972
470115976
470115980
470115984
470116005
470116006
470116009
470116010
470116036
470116040
470116044
470116048
470116068
470116072
470116076
470116080
470116084
470116165
470116166
470116169
470116170
470116196
470116200
470116204
470116228
470116232
470116236
470116240
470116261
470116262
470116265
470116266
470116292
470116296
470116300
470116304
470116324
470116328
470116332
470116336
470116340
470116421
470116422
470116425
470116426
470116452
470116456
470116460
470116484
470116488
470116492
470116496
470116517
470116518
470116521
470116522
470116548
470116552
470116556
470116560
470116580
470116584
470116588
470116592
470116596
470126917
470126918
470126948
470126952
470126980
470126984
470126988
470127013
470127014
470127017
470127018
470127021
470127022
470127044
470127048
470127052
470127076
470127080
470127084
470127088
470127092
470127173
470127174
470127204
470127208
470127236
470127240
470127244
470127269
470127270
470127273
470127274
470127277
470127278
470127300
470127304
470127308
470127332
470127336
470127340
470127344
470127348
470127429
470127430
470127460
470127464
470127492
470127496
470127500
470127525
470127526
470127529
470127530
470127533
470127534
470127556
470127560
470127564
470127588
470127592
470127596
470127600
470127604
470127685
470127686
470127716
470127720
470127748
470127752
470127756
470127781
470127782
470127785
470127786
470127789
470127790
470127812
470127816
470127820
470127844
470127848
470127852
470127856
470127860
470127941
470127942
470127972
470127976
470128004
470128008
470128012
470128037
470128038
470128041
470128042
470128045
470128046
470128068
470128072
470128076
470128100
470128104
470128108
470128112
470128116
470128197
470128198
470128228
470128232
470128260
470128264
470128268
470128293
470128294
470128297
470128298
470128301
470128302
470128324
470128328
470128332
470128356
470128360
470128364
470128368
470128372
470128453
470128454
470128484
470128488
470128516
470128520
470128524
470128549
470128550
470128553
470128554
470128557
470128558
470128580
470128584
470128588
470128612
470128616
470128620
470128624
470128628
470128709
470128710
470128740
470128744
470128772
470128776
470128780
470128805
470128806
470128809
470128810
470128813
470128814
470128836
470128840
470128844
470128868
470128872
470128876
470128880
470128884
470131013
470131014
470131017
470131018
470131044
470131048
470131052
470131076
470131080
470131084
470131088
470131109
470131110
470131113
470131114
470131140
470131144
470131148
470131152
470131172
470131176
470131180
470131184
470131188
470131269
470131270
470131273
470131274
470131300
470131304
470131308
470131332
470131336
470131340
470131344
470131365
470131366
470131369
470131370
470131396
470131400
470131404
470131408
470131428
470131432
470131436
470131440
470131444
470131525
470131526
470131529
470131530
470131556
470131560
470131564
470131588
470131592
470131596
470131600
470131621
470131622
470131625
470131626
470131652
470131656
470131660
470131664
470131684
470131688
470131692
470131696
470131700
470131781
470131782
470131785
470131786
470131812
470131816
470131820
470131844
470131848
470131852
470131856
470131877
470131878
470131881
470131882
470131908
470131912
470131916
470131920
470131940
470131944
470131948
470131952
470131956
470132037
470132038
470132041
470132042
470132068
470132072
470132076
470132100
470132104
470132108
470132112
470132133
470132134
470132137
470132138
470132164
470132168
470132172
470132176
470132196
470132200
470132204
470132208
470132212
470132293
470132294
470132297
470132298
470132324
470132328
470132332
470132356
470132360
470132364
470132368
470132389
470132390
470132393
470132394
470132420
470132424
470132428
470132432
470132452
470132456
470132460
470132464
470132468
470132549
470132550
470132553
470132554
470132580
470132584
470132588
470132612
470132616
470132620
470132624
470132645
470132646
470132649
470132650
470132676
470132680
470132684
470132688
470132708
470132712
470132716
470132720
470132724
470132805
470132806
470132809
470132810
470132836
470132840
470132844
470132868
470132872
470132876
470132880
470132901
470132902
470132905
470132906
470132932
470132936
470132940
470132944
470132964
470132968
470132972
470132976
470132980
470143332
470143336
470143364
470143368
470143372
470143397
470143398
470143401
470143402
470143405
470143406
470143428
470143432
470143436
470143460
470143464
470143468
470143472
470143476
470143588
470143592
470143620
470143624
470143628
470143653
470143654
470143657
470143658
470143661
470143662
470143684
470143688
470143692
470143716
470143720
470143724
470143728
470143732
470143844
470143848
470143876
470143880
470143884
470143909
470143910
470143913
470143914
470143917
470143918
470143940
470143944
470143948
470143972
470143976
470143980
470143984
470143988
470144100
470144104
470144132
470144136
470144140
470144165
470144166
470144169
470144170
470144173
470144174
470144196
470144200
470144204
470144228
470144232
470144236
470144240
470144244
470144356
470144360
470144388
470144392
470144396
470144421
470144422
470144425
470144426
470144429
470144430
470144452
470144456
470144460
470144484
470144488
470144492
470144496
470144500
470144612
470144616
470144644
470144648
470144652
470144677
470144678
470144681
470144682
470144685
470144686
470144708
470144712
470144716
470144740
470144744
470144748
470144752
470144756
470144868
470144872
470144900
470144904
470144908
470144933
470144934
470144937
470144938
470144941
470144942
470144964
470144968
470144972
470144996
470145000
470145004
470145008
470145012
470145124
470145128
470145156
470145160
470145164
470145189
470145190
470145193
470145194
470145197
470145198
470145220
470145224
470145228
470145252
470145256
470145260
470145264
470145268
470147428
470147432
470147436
470147460
470147464
470147468
470147472
470147493
470147494
470147497
470147498
470147524
470147528
470147532
470147536
470147556
470147560
470147564
470147568
470147572
470147684
470147688
470147692
470147716
470147720
470147724
470147728
470147749
470147750
470147753
470147754
470147780
470147784
470147788
470147792
470147812
470147816
470147820
470147824
470147828
470147940
470147944
470147948
470147972
470147976
470147980
470147984
470148005
470148006
470148009
470148010
470148036
470148040
470148044
470148048
470148068
470148072
470148076
470148080
470148084
470148196
470148200
470148204
470148228
470148232
470148236
470148240
470148261
470148262
470148265
470148266
470148292
470148296
470148300
470148304
470148324
470148328
470148332
470148336
470148340
470148452
470148456
470148460
470148484
470148488
470148492
470148496
470148517
470148518
470148521
470148522
470148548
470148552
470148556
470148560
470148580
470148584
470148588
470148592
470148596
470148708
470148712
470148716
470148740
470148744
470148748
470148752
470148773
470148774
470148777
470148778
470148804
470148808
470148812
470148816
470148836
470148840
470148844
470148848
470148852
470148964
470148968
470148972
470148996
470149000
470149004
470149008
470149029
470149030
470149033
470149034
470149060
470149064
470149068
470149072
470149092
470149096
470149100
470149104
470149108
470149220
470149224
470149228
470149252
470149256
470149260
470149264
470149285
470149286
470149289
470149290
470149316
470149320
470149324
470149328
470149348
470149352
470149356
470149360
470149364
470159716
470159720
470159748
470159752
470159756
470159781
470159782
470159785
470159786
470159789
470159790
470159812
470159816
470159820
470159844
470159848
470159852
470159856
470159860
470159972
470159976
470160004
470160008
470160012
470160037
470160038
470160041
470160042
470160045
470160046
470160068
470160072
470160076
470160100
470160104
470160108
470160112
470160116
470160228
470160232
470160260
470160264
470160268
470160293
470160294
470160297
470160298
470160301
470160302
470160324
470160328
470160332
470160356
470160360
470160364
470160368
470160372
470160484
470160488
470160516
470160520
470160524
470160549
470160550
470160553
470160554
470160557
470160558
470160580
470160584
470160588
470160612
470160616
470160620
470160624
470160628
470160740
470160744
470160772
470160776
470160780
470160805
470160806
470160809
470160810
470160813
470160814
470160836
470160840
470160844
470160868
470160872
470160876
470160880
470160884
470160996
470161000
470161028
470161032
470161036
470161061
470161062
470161065
470161066
470161069
470161070
470161092
470161096
470161100
470161124
470161128
470161132
470161136
470161140
470161252
470161256
470161284
470161288
470161292
470161317
470161318
470161321
470161322
470161325
470161326
470161348
470161352
470161356
470161380
470161384
470161388
470161392
470161396
470161508
470161512
470161540
470161544
470161548
470161573
470161574
470161577
470161578
470161581
470161582
470161604
470161608
470161612
470161636
470161640
470161644
470161648
470161652
470163812
470163816
470163820
470163844
470163848
470163852
470163856
470163877
470163878
470163881
470163882
470163908
470163912
470163916
470163920
470163940
470163944
470163948
470163952
470163956
470164068
470164072
470164076
470164100
470164104
470164108
470164112
470164133
470164134
470164137
470164138
470164164
470164168
470164172
470164176
470164196
470164200
470164204
470164208
470164212
470164324
470164328
470164332
470164356
470164360
470164364
470164368
470164389
470164390
470164393
470164394
470164420
470164424
470164428
470164432
470164452
470164456
470164460
470164464
470164468
470164580
470164584
470164588
470164612
470164616
470164620
470164624
470164645
470164646
470164649
470164650
470164676
470164680
470164684
470164688
470164708
470164712
470164716
470164720
470164724
470164836
470164840
470164844
470164868
470164872
470164876
470164880
470164901
470164902
470164905
470164906
470164932
470164936
470164940
470164944
470164964
470164968
470164972
470164976
470164980
470165092
470165096
470165100
470165124
470165128
470165132
470165136
470165157
470165158
470165161
470165162
470165188
470165192
470165196
470165200
470165220
470165224
470165228
470165232
470165236
470165348
470165352
470165356
470165380
470165384
470165388
470165392
470165413
470165414
470165417
470165418
470165444
470165448
470165452
470165456
470165476
470165480
470165484
470165488
470165492
470165604
470165608
470165612
470165636
470165640
470165644
470165648
470165669
470165670
470165673
470165674
470165700
470165704
470165708
470165712
470165732
470165736
470165740
470165744
470165748
470176132
470176136
470176140
470176165
470176166
470176169
470176170
470176173
470176174
470176196
470176200
470176204
470176228
470176232
470176236
470176240
470176244
470176388
470176392
470176396
470176421
470176422
470176425
470176426
470176429
470176430
470176452
470176456
470176460
470176484
470176488
470176492
470176496
470176500
470176644
470176648
470176652
470176677
470176678
470176681
470176682
470176685
470176686
470176708
470176712
470176716
470176740
470176744
470176748
470176752
470176756
470176900
470176904
470176908
470176933
470176934
470176937
470176938
470176941
470176942
470176964
470176968
470176972
470176996
470177000
470177004
470177008
470177012
470177156
470177160
470177164
470177189
470177190
470177193
470177194
470177197
470177198
470177220
470177224
470177228
470177252
470177256
470177260
470177264
470177268
470177412
470177416
470177420
470177445
470177446
470177449
470177450
470177453
470177454
470177476
470177480
470177484
470177508
470177512
470177516
470177520
470177524
470177668
470177672
470177676
470177701
470177702
470177705
470177706
470177709
470177710
470177732
470177736
470177740
470177764
470177768
470177772
470177776
470177780
470177924
470177928
470177932
470177957
470177958
470177961
470177962
470177965
470177966
470177988
470177992
470177996
470178020
470178024
470178028
470178032
470178036
470180228
470180232
470180236
470180240
470180261
470180262
470180265
470180266
470180292
470180296
470180300
470180304
470180324
470180328
470180332
470180336
470180340
470180484
470180488
470180492
470180496
470180517
470180518
470180521
470180522
470180548
470180552
470180556
470180560
470180580
470180584
470180588
470180592
470180596
470180740
470180744
470180748
470180752
470180773
470180774
470180777
470180778
470180804
470180808
470180812
470180816
470180836
470180840
470180844
470180848
470180852
470180996
470181000
470181004
470181008
470181029
470181030
470181033
470181034
470181060
470181064
470181068
470181072
470181092
470181096
470181100
470181104
470181108
470181252
470181256
470181260
470181264
470181285
470181286
470181289
470181290
470181316
470181320
470181324
470181328
470181348
470181352
470181356
470181360
470181364
470181508
470181512
470181516
470181520
470181541
470181542
470181545
470181546
470181572
470181576
470181580
470181584
470181604
470181608
470181612
470181616
470181620
470181764
470181768
470181772
470181776
470181797
470181798
470181801
470181802
470181828
470181832
470181836
470181840
470181860
470181864
470181868
470181872
470181876
470182020
470182024
470182028
470182032
470182053
470182054
470182057
470182058
470182084
470182088
470182092
470182096
470182116
470182120
470182124
470182128
470182132
470307109
470307110
470307141
470307142
470307172
470307176
470307204
470307208
470307212
470307237
470307238
470307241
470307242
470307245
470307246
470307268
470307272
470307276
470307300
470307304
470307308
470307312
470307316
470307365
470307366
470307397
470307398
470307428
470307432
470307460
470307464
470307468
470307493
470307494
470307497
470307498
470307501
470307502
470307524
470307528
470307532
470307556
470307560
470307564
470307568
470307572
470307621
470307622
470307653
470307654
470307684
470307688
470307716
470307720
470307724
470307749
470307750
470307753
470307754
470307757
470307758
470307780
470307784
470307788
470307812
470307816
470307820
470307824
470307828
470307877
470307878
470307909
470307910
470307940
470307944
470307972
470307976
470307980
470308005
470308006
470308009
470308010
470308013
470308014
470308036
470308040
470308044
470308068
470308072
470308076
470308080
470308084
470308133
470308134
470308165
470308166
470308196
470308200
470308228
470308232
470308236
470308261
470308262
470308265
470308266
470308269
470308270
470308292
470308296
470308300
470308324
470308328
470308332
470308336
470308340
470308389
470308390
470308421
470308422
470308452
470308456
470308484
470308488
470308492
470308517
470308518
470308521
470308522
470308525
470308526
470308548
470308552
470308556
470308580
470308584
470308588
470308592
470308596
470308645
470308646
470308677
470308678
470308708
470308712
470308740
470308744
470308748
470308773
470308774
470308777
470308778
470308781
470308782
470308804
470308808
470308812
470308836
470308840
470308844
470308848
470308852
470308901
470308902
470308933
470308934
470308964
470308968
470308996
470309000
470309004
470309029
470309030
470309033
470309034
470309037
470309038
470309060
470309064
470309068
470309092
470309096
470309100
470309104
470309108
470311205
470311206
470311209
470311210
470311237
470311238
470311241
470311242
470311268
470311272
470311276
470311300
470311304
470311308
470311312
470311333
470311334
470311337
470311338
470311364
470311368
470311372
470311376
470311396
470311400
470311404
470311408
470311412
470311461
470311462
470311465
470311466
470311493
470311494
470311497
470311498
470311524
470311528
470311532
470311556
470311560
470311564
470311568
470311589
470311590
470311593
470311594
470311620
470311624
470311628
470311632
470311652
470311656
470311660
470311664
470311668
470311717
470311718
470311721
470311722
470311749
470311750
470311753
470311754
470311780
470311784
470311788
470311812
470311816
470311820
470311824
470311845
470311846
470311849
470311850
470311876
470311880
470311884
470311888
470311908
470311912
470311916
470311920
470311924
470311973
470311974
470311977
470311978
470312005
470312006
470312009
470312010
470312036
470312040
470312044
470312068
470312072
470312076
470312080
470312101
470312102
470312105
470312106
470312132
470312136
470312140
470312144
470312164
470312168
470312172
470312176
470312180
470312229
470312230
470312233
470312234
470312261
470312262
470312265
470312266
470312292
470312296
470312300
470312324
470312328
470312332
470312336
470312357
470312358
470312361
470312362
470312388
470312392
470312396
470312400
470312420
470312424
470312428
470312432
470312436
470312485
470312486
470312489
470312490
470312517
470312518
470312521
470312522
470312548
470312552
470312556
470312580
470312584
470312588
470312592
470312613
470312614
470312617
470312618
470312644
470312648
470312652
470312656
470312676
470312680
470312684
470312688
470312692
470312741
470312742
470312745
470312746
470312773
470312774
470312777
470312778
470312804
470312808
470312812
470312836
470312840
470312844
470312848
470312869
470312870
470312873
470312874
470312900
470312904
470312908
470312912
470312932
470312936
470312940
470312944
470312948
470312997
470312998
470313001
470313002
470313029
470313030
470313033
470313034
470313060
470313064
470313068
470313092
470313096
470313100
470313104
470313125
470313126
470313129
470313130
470313156
470313160
470313164
470313168
470313188
470313192
470313196
470313200
470313204
470323493
470323494
470323525
470323526
470323556
470323560
470323588
470323592
470323596
470323621
470323622
470323625
470323626
470323629
470323630
470323652
470323656
470323660
470323684
470323688
470323692
470323696
470323700
470323749
470323750
470323781
470323782
470323812
470323816
470323844
470323848
470323852
470323877
470323878
470323881
470323882
470323885
470323886
470323908
470323912
470323916
470323940
470323944
470323948
470323952
470323956
470324005
470324006
470324037
470324038
470324068
470324072
470324100
470324104
470324108
470324133
470324134
470324137
470324138
470324141
470324142
470324164
470324168
470324172
470324196
470324200
470324204
470324208
470324212
470324261
470324262
470324293
470324294
470324324
470324328
470324356
470324360
470324364
470324389
470324390
470324393
470324394
470324397
470324398
470324420
470324424
470324428
470324452
470324456
470324460
470324464
470324468
470324517
470324518
470324549
470324550
470324580
470324584
470324612
470324616
470324620
470324645
470324646
470324649
470324650
470324653
470324654
470324676
470324680
470324684
470324708
470324712
470324716
470324720
470324724
470324773
470324774
470324805
470324806
470324836
470324840
470324868
470324872
470324876
470324901
470324902
470324905
470324906
470324909
470324910
470324932
470324936
470324940
470324964
470324968
470324972
470324976
470324980
470325029
470325030
470325061
470325062
470325092
470325096
470325124
470325128
470325132
470325157
470325158
470325161
470325162
470325165
470325166
470325188
470325192
470325196
470325220
470325224
470325228
470325232
470325236
470325285
470325286
470325317
470325318
470325348
470325352
470325380
470325384
470325388
470325413
470325414
470325417
470325418
470325421
470325422
470325444
470325448
470325452
470325476
470325480
470325484
470325488
470325492
470327589
470327590
470327593
470327594
470327621
470327622
470327625
470327626
470327652
470327656
470327660
470327684
470327688
470327692
470327696
470327717
470327718
470327721
470327722
470327748
470327752
470327756
470327760
470327780
470327784
470327788
470327792
470327796
470327845
470327846
470327849
470327850
470327877
470327878
470327881
470327882
470327908
470327912
470327916
470327940
470327944
470327948
470327952
470327973
470327974
470327977
470327978
470328004
470328008
470328012
470328016
470328036
470328040
470328044
470328048
470328052
470328101
470328102
470328105
470328106
470328133
470328134
470328137
470328138
470328164
470328168
470328172
470328196
470328200
470328204
470328208
470328229
470328230
470328233
470328234
470328260
470328264
470328268
470328272
470328292
470328296
470328300
470328304
470328308
470328357
470328358
470328361
470328362
470328389
470328390
470328393
470328394
470328420
470328424
470328428
470328452
470328456
470328460
470328464
470328485
470328486
470328489
470328490
470328516
470328520
470328524
470328528
470328548
470328552
470328556
470328560
470328564
470328613
470328614
470328617
470328618
470328645
470328646
470328649
470328650
470328676
470328680
470328684
470328708
470328712
470328716
470328720
470328741
470328742
470328745
470328746
470328772
470328776
470328780
470328784
470328804
470328808
470328812
470328816
470328820
470328869
470328870
470328873
470328874
470328901
470328902
470328905
470328906
470328932
470328936
470328940
470328964
470328968
470328972
470328976
470328997
470328998
470329001
470329002
470329028
470329032
470329036
470329040
470329060
470329064
470329068
470329072
470329076
470329125
470329126
470329129
470329130
470329157
470329158
470329161
470329162
470329188
470329192
470329196
470329220
470329224
470329228
470329232
470329253
470329254
470329257
470329258
470329284
470329288
470329292
470329296
470329316
470329320
470329324
470329328
470329332
470329381
470329382
470329385
470329386
470329413
470329414
470329417
470329418
470329444
470329448
470329452
470329476
470329480
470329484
470329488
470329509
470329510
470329513
470329514
470329540
470329544
470329548
470329552
470329572
470329576
470329580
470329584
470329588
470339877
470339878
470339909
470339910
470339940
470339944
470339972
470339976
470339980
470340005
470340006
470340009
470340010
470340013
470340014
470340036
470340040
470340044
470340068
470340072
470340076
470340080
470340084
470340133
470340134
470340165
470340166
470340196
470340200
470340228
470340232
470340236
470340261
470340262
470340265
470340266
470340269
470340270
470340292
470340296
470340300
470340324
470340328
470340332
470340336
470340340
470340389
470340390
470340421
470340422
470340452
470340456
470340484
470340488
470340492
470340517
470340518
470340521
470340522
470340525
470340526
470340548
470340552
470340556
470340580
470340584
470340588
470340592
470340596
470340645
470340646
470340677
470340678
470340708
470340712
470340740
470340744
470340748
470340773
470340774
470340777
470340778
470340781
470340782
470340804
470340808
470340812
470340836
470340840
470340844
470340848
470340852
470340901
470340902
470340933
470340934
470340964
470340968
470340996
470341000
470341004
470341029
470341030
470341033
470341034
470341037
470341038
470341060
470341064
470341068
470341092
470341096
470341100
470341104
470341108
470341157
470341158
470341189
470341190
470341220
470341224
470341252
470341256
470341260
470341285
470341286
470341289
470341290
470341293
470341294
470341316
470341320
470341324
470341348
470341352
470341356
470341360
470341364
470341413
470341414
470341445
470341446
470341476
470341480
470341508
470341512
470341516
470341541
470341542
470341545
470341546
470341549
470341550
470341572
470341576
470341580
470341604
470341608
470341612
470341616
470341620
470341669
470341670
470341701
470341702
470341732
470341736
470341764
470341768
470341772
470341797
470341798
470341801
470341802
470341805
470341806
470341828
470341832
470341836
470341860
470341864
470341868
470341872
470341876
470343973
470343974
470343977
470343978
470344005
470344006
470344009
470344010
470344036
470344040
470344044
470344068
470344072
470344076
470344080
470344101
470344102
470344105
470344106
470344132
470344136
470344140
470344144
470344164
470344168
470344172
470344176
470344180
470344229
470344230
470344233
470344234
470344261
470344262
470344265
470344266
470344292
470344296
470344300
470344324
470344328
470344332
470344336
470344357
470344358
470344361
470344362
470344388
470344392
470344396
470344400
470344420
470344424
470344428
470344432
470344436
470344485
470344486
470344489
470344490
470344517
470344518
470344521
470344522
470344548
470344552
470344556
470344580
470344584
470344588
470344592
470344613
470344614
470344617
470344618
470344644
470344648
470344652
470344656
470344676
470344680
470344684
470344688
470344692
470344741
470344742
470344745
470344746
470344773
470344774
470344777
470344778
470344804
470344808
470344812
470344836
470344840
470344844
470344848
470344869
470344870
470344873
470344874
470344900
470344904
470344908
470344912
470344932
470344936
470344940
470344944
470344948
470344997
470344998
470345001
470345002
470345029
470345030
470345033
470345034
470345060
470345064
470345068
470345092
470345096
470345100
470345104
470345125
470345126
470345129
470345130
470345156
470345160
470345164
470345168
470345188
470345192
470345196
470345200
470345204
470345253
470345254
470345257
470345258
470345285
470345286
470345289
470345290
470345316
470345320
470345324
470345348
470345352
470345356
470345360
470345381
470345382
470345385
470345386
470345412
470345416
470345420
470345424
470345444
470345448
470345452
470345456
470345460
470345509
470345510
470345513
470345514
470345541
470345542
470345545
470345546
470345572
470345576
470345580
470345604
470345608
470345612
470345616
470345637
470345638
470345641
470345642
470345668
470345672
470345676
470345680
470345700
470345704
470345708
470345712
470345716
470345765
470345766
470345769
470345770
470345797
470345798
470345801
470345802
470345828
470345832
470345836
470345860
470345864
470345868
470345872
470345893
470345894
470345897
470345898
470345924
470345928
470345932
470345936
470345956
470345960
470345964
470345968
470345972
470356293
470356294
470356324
470356328
470356356
470356360
470356364
470356389
470356390
470356393
470356394
470356397
470356398
470356420
470356424
470356428
470356452
470356456
470356460
470356464
470356468
470356549
470356550
470356580
470356584
470356612
470356616
470356620
470356645
470356646
470356649
470356650
470356653
470356654
470356676
470356680
470356684
470356708
470356712
470356716
470356720
470356724
470356805
470356806
470356836
470356840
470356868
470356872
470356876
470356901
470356902
470356905
470356906
470356909
470356910
470356932
470356936
470356940
470356964
470356968
470356972
470356976
470356980
470357061
470357062
470357092
470357096
470357124
470357128
470357132
470357157
470357158
470357161
470357162
470357165
470357166
470357188
470357192
470357196
470357220
470357224
470357228
470357232
470357236
470357317
470357318
470357348
470357352
470357380
470357384
470357388
470357413
470357414
470357417
470357418
470357421
470357422
470357444
470357448
470357452
470357476
470357480
470357484
470357488
470357492
470357573
470357574
470357604
470357608
470357636
470357640
470357644
470357669
470357670
470357673
470357674
470357677
470357678
470357700
470357704
470357708
470357732
470357736
470357740
470357744
470357748
470357829
470357830
470357860
470357864
470357892
470357896
470357900
470357925
470357926
470357929
470357930
470357933
470357934
470357956
470357960
470357964
470357988
470357992
470357996
470358000
470358004
470358085
470358086
470358116
470358120
470358148
470358152
470358156
470358181
470358182
470358185
470358186
470358189
470358190
470358212
470358216
470358220
470358244
470358248
470358252
470358256
470358260
470360389
470360390
470360393
470360394
470360420
470360424
470360428
470360452
470360456
470360460
470360464
470360485
470360486
470360489
470360490
470360516
470360520
470360524
470360528
470360548
470360552
470360556
470360560
470360564
470360645
470360646
470360649
470360650
470360676
470360680
470360684
470360708
470360712
470360716
470360720
470360741
470360742
470360745
470360746
470360772
470360776
470360780
470360784
470360804
470360808
470360812
470360816
470360820
470360901
470360902
470360905
470360906
470360932
470360936
470360940
470360964
470360968
470360972
470360976
470360997
470360998
470361001
470361002
470361028
470361032
470361036
470361040
470361060
470361064
470361068
470361072
470361076
470361157
470361158
470361161
470361162
470361188
470361192
470361196
470361220
470361224
470361228
470361232
470361253
470361254
470361257
470361258
470361284
470361288
470361292
470361296
470361316
470361320
470361324
470361328
470361332
470361413
470361414
470361417
470361418
470361444
470361448
470361452
470361476
470361480
470361484
470361488
470361509
470361510
470361513
470361514
470361540
470361544
470361548
470361552
470361572
470361576
470361580
470361584
470361588
470361669
470361670
470361673
470361674
470361700
470361704
470361708
470361732
470361736
470361740
470361744
470361765
470361766
470361769
470361770
470361796
470361800
470361804
470361808
470361828
470361832
470361836
470361840
470361844
470361925
470361926
470361929
470361930
470361956
470361960
470361964
470361988
470361992
470361996
470362000
470362021
470362022
470362025
470362026
470362052
470362056
470362060
470362064
470362084
470362088
470362092
470362096
470362100
470362181
470362182
470362185
470362186
470362212
470362216
470362220
470362244
470362248
470362252
470362256
470362277
470362278
470362281
470362282
470362308
470362312
470362316
470362320
470362340
470362344
470362348
470362352
470362356
470372677
470372678
470372708
470372712
470372740
470372744
470372748
470372773
470372774
470372777
470372778
470372781
470372782
470372804
470372808
470372812
470372836
470372840
470372844
470372848
470372852
470372933
470372934
470372964
470372968
470372996
470373000
470373004
470373029
470373030
470373033
470373034
470373037
470373038
470373060
470373064
470373068
470373092
470373096
470373100
470373104
470373108
470373189
470373190
470373220
470373224
470373252
470373256
470373260
470373285
470373286
470373289
470373290
470373293
470373294
470373316
470373320
470373324
470373348
470373352
470373356
470373360
470373364
470373445
470373446
470373476
470373480
470373508
470373512
470373516
470373541
470373542
470373545
470373546
470373549
470373550
470373572
470373576
470373580
470373604
470373608
470373612
470373616
470373620
470373701
470373702
470373732
470373736
470373764
470373768
470373772
470373797
470373798
470373801
470373802
470373805
470373806
470373828
470373832
470373836
470373860
470373864
470373868
470373872
470373876
470373957
470373958
470373988
470373992
470374020
470374024
470374028
470374053
470374054
470374057
470374058
470374061
470374062
470374084
470374088
470374092
470374116
470374120
470374124
470374128
470374132
470374213
470374214
470374244
470374248
470374276
470374280
470374284
470374309
470374310
470374313
470374314
470374317
470374318
470374340
470374344
470374348
470374372
470374376
470374380
470374384
470374388
470374469
470374470
470374500
470374504
470374532
470374536
470374540
470374565
470374566
470374569
470374570
470374573
470374574
470374596
470374600
470374604
470374628
470374632
470374636
470374640
470374644
470376773
470376774
470376777
470376778
470376804
470376808
470376812
470376836
470376840
470376844
470376848
470376869
470376870
470376873
470376874
470376900
470376904
470376908
470376912
470376932
470376936
470376940
470376944
470376948
470377029
470377030
470377033
470377034
470377060
470377064
470377068
470377092
470377096
470377100
470377104
470377125
470377126
470377129
470377130
470377156
470377160
470377164
470377168
470377188
470377192
470377196
470377200
470377204
470377285
470377286
470377289
470377290
470377316
470377320
470377324
470377348
470377352
470377356
470377360
470377381
470377382
470377385
470377386
470377412
470377416
470377420
470377424
470377444
470377448
470377452
470377456
470377460
470377541
470377542
470377545
470377546
470377572
470377576
470377580
470377604
470377608
470377612
470377616
470377637
470377638
470377641
470377642
470377668
470377672
470377676
470377680
470377700
470377704
470377708
470377712
470377716
470377797
470377798
470377801
470377802
470377828
470377832
470377836
470377860
470377864
470377868
470377872
470377893
470377894
470377897
470377898
470377924
470377928
470377932
470377936
470377956
470377960
470377964
470377968
470377972
470378053
470378054
470378057
470378058
470378084
470378088
470378092
470378116
470378120
470378124
470378128
470378149
470378150
470378153
470378154
470378180
470378184
470378188
470378192
470378212
470378216
470378220
470378224
470378228
470378309
470378310
470378313
470378314
470378340
470378344
470378348
470378372
470378376
470378380
470378384
470378405
470378406
470378409
470378410
470378436
470378440
470378444
470378448
470378468
470378472
470378476
470378480
470378484
470378565
470378566
470378569
470378570
470378596
470378600
470378604
470378628
470378632
470378636
470378640
470378661
470378662
470378665
470378666
470378692
470378696
470378700
470378704
470378724
470378728
470378732
470378736
470378740
470389061
470389062
470389092
470389096
470389124
470389128
470389132
470389157
470389158
470389161
470389162
470389165
470389166
470389188
470389192
470389196
470389220
470389224
470389228
470389232
470389236
470389317
470389318
470389348
470389352
470389380
470389384
470389388
470389413
470389414
470389417
470389418
470389421
470389422
470389444
470389448
470389452
470389476
470389480
470389484
470389488
470389492
470389573
470389574
470389604
470389608
470389636
470389640
470389644
470389669
470389670
470389673
470389674
470389677
470389678
470389700
470389704
470389708
470389732
470389736
470389740
470389744
470389748
470389829
470389830
470389860
470389864
470389892
470389896
470389900
470389925
470389926
470389929
470389930
470389933
470389934
470389956
470389960
470389964
470389988
470389992
470389996
470390000
470390004
470390085
470390086
470390116
470390120
470390148
470390152
470390156
470390181
470390182
470390185
470390186
470390189
470390190
470390212
470390216
470390220
470390244
470390248
470390252
470390256
470390260
470390341
470390342
470390372
470390376
470390404
470390408
470390412
470390437
470390438
470390441
470390442
470390445
470390446
470390468
470390472
470390476
470390500
470390504
470390508
470390512
470390516
470390597
470390598
470390628
470390632
470390660
470390664
470390668
470390693
470390694
470390697
470390698
470390701
470390702
470390724
470390728
470390732
470390756
470390760
470390764
470390768
470390772
470390853
470390854
470390884
470390888
470390916
470390920
470390924
470390949
470390950
470390953
470390954
470390957
470390958
470390980
470390984
470390988
470391012
470391016
470391020
470391024
470391028
470393157
470393158
470393161
470393162
470393188
470393192
470393196
470393220
470393224
470393228
470393232
470393253
470393254
470393257
470393258
470393284
470393288
470393292
470393296
470393316
470393320
470393324
470393328
470393332
470393413
470393414
470393417
470393418
470393444
470393448
470393452
470393476
470393480
470393484
470393488
470393509
470393510
470393513
470393514
470393540
470393544
470393548
470393552
470393572
470393576
470393580
470393584
470393588
470393669
470393670
470393673
470393674
470393700
470393704
470393708
470393732
470393736
470393740
470393744
470393765
470393766
470393769
470393770
470393796
470393800
470393804
470393808
470393828
470393832
470393836
470393840
470393844
470393925
470393926
470393929
470393930
470393956
470393960
470393964
470393988
470393992
470393996
470394000
470394021
470394022
470394025
470394026
470394052
470394056
470394060
470394064
470394084
470394088
470394092
470394096
470394100
470394181
470394182
470394185
470394186
470394212
470394216
470394220
470394244
470394248
470394252
470394256
470394277
470394278
470394281
470394282
470394308
470394312
470394316
470394320
470394340
470394344
470394348
470394352
470394356
470394437
470394438
470394441
470394442
470394468
470394472
470394476
470394500
470394504
470394508
470394512
470394533
470394534
470394537
470394538
470394564
470394568
470394572
470394576
470394596
470394600
470394604
470394608
470394612
470394693
470394694
470394697
470394698
470394724
470394728
470394732
470394756
470394760
470394764
470394768
470394789
470394790
470394793
470394794
470394820
470394824
470394828
470394832
470394852
470394856
470394860
470394864
470394868
470394949
470394950
470394953
470394954
470394980
470394984
470394988
470395012
470395016
470395020
470395024
470395045
470395046
470395049
470395050
470395076
470395080
470395084
470395088
470395108
470395112
470395116
470395120
470395124
470405476
470405480
470405508
470405512
470405516
470405541
470405542
470405545
470405546
470405549
470405550
470405572
470405576
470405580
470405604
470405608
470405612
470405616
470405620
470405732
470405736
470405764
470405768
470405772
470405797
470405798
470405801
470405802
470405805
470405806
470405828
470405832
470405836
470405860
470405864
470405868
470405872
470405876
470405988
470405992
470406020
470406024
470406028
470406053
470406054
470406057
470406058
470406061
470406062
470406084
470406088
470406092
470406116
470406120
470406124
470406128
470406132
470406244
470406248
470406276
470406280
470406284
470406309
470406310
470406313
470406314
470406317
470406318
470406340
470406344
470406348
470406372
470406376
470406380
470406384
470406388
470406500
470406504
470406532
470406536
470406540
470406565
470406566
470406569
470406570
470406573
470406574
470406596
470406600
470406604
470406628
470406632
470406636
470406640
470406644
470406756
470406760
470406788
470406792
470406796
470406821
470406822
470406825
470406826
470406829
470406830
470406852
470406856
470406860
470406884
470406888
470406892
470406896
470406900
470407012
470407016
470407044
470407048
470407052
470407077
470407078
470407081
470407082
470407085
470407086
470407108
470407112
470407116
470407140
470407144
470407148
470407152
470407156
470407268
470407272
470407300
470407304
470407308
470407333
470407334
470407337
470407338
470407341
470407342
470407364
470407368
470407372
470407396
470407400
470407404
470407408
470407412
470409572
470409576
470409580
470409604
470409608
470409612
470409616
470409637
470409638
470409641
470409642
470409668
470409672
470409676
470409680
470409700
470409704
470409708
470409712
470409716
470409828
470409832
470409836
470409860
470409864
470409868
470409872
470409893
470409894
470409897
470409898
470409924
470409928
470409932
470409936
470409956
470409960
470409964
470409968
470409972
470410084
470410088
470410092
470410116
470410120
470410124
470410128
470410149
470410150
470410153
470410154
470410180
470410184
470410188
470410192
470410212
470410216
470410220
470410224
470410228
470410340
470410344
470410348
470410372
470410376
470410380
470410384
470410405
470410406
470410409
470410410
470410436
470410440
470410444
470410448
470410468
470410472
470410476
470410480
470410484
470410596
470410600
470410604
470410628
470410632
470410636
470410640
470410661
470410662
470410665
470410666
470410692
470410696
470410700
470410704
470410724
470410728
470410732
470410736
470410740
470410852
470410856
470410860
470410884
470410888
470410892
470410896
470410917
470410918
470410921
470410922
470410948
470410952
470410956
470410960
470410980
470410984
470410988
470410992
470410996
470411108
470411112
470411116
470411140
470411144
470411148
470411152
470411173
470411174
470411177
470411178
470411204
470411208
470411212
470411216
470411236
470411240
470411244
470411248
470411252
470411364
470411368
470411372
470411396
470411400
470411404
470411408
470411429
470411430
470411433
470411434
470411460
470411464
470411468
470411472
470411492
470411496
470411500
470411504
470411508
470421860
470421864
470421892
470421896
470421900
470421925
470421926
470421929
470421930
470421933
470421934
470421956
470421960
470421964
470421988
470421992
470421996
470422000
470422004
470422116
470422120
470422148
470422152
470422156
470422181
470422182
470422185
470422186
470422189
470422190
470422212
470422216
470422220
470422244
470422248
470422252
470422256
470422260
470422372
470422376
470422404
470422408
470422412
470422437
470422438
470422441
470422442
470422445
470422446
470422468
470422472
470422476
470422500
470422504
470422508
470422512
470422516
470422628
470422632
470422660
470422664
470422668
470422693
470422694
470422697
470422698
470422701
470422702
470422724
470422728
470422732
470422756
470422760
470422764
470422768
470422772
470422884
470422888
470422916
470422920
470422924
470422949
470422950
470422953
470422954
470422957
470422958
470422980
470422984
470422988
470423012
470423016
470423020
470423024
470423028
470423140
470423144
470423172
470423176
470423180
470423205
470423206
470423209
470423210
470423213
470423214
470423236
470423240
470423244
470423268
470423272
470423276
470423280
470423284
470423396
470423400
470423428
470423432
470423436
470423461
470423462
470423465
470423466
470423469
470423470
470423492
470423496
470423500
470423524
470423528
470423532
470423536
470423540
470423652
470423656
470423684
470423688
470423692
470423717
470423718
470423721
470423722
470423725
470423726
470423748
470423752
470423756
470423780
470423784
470423788
470423792
470423796
470425956
470425960
470425964
470425988
470425992
470425996
470426000
470426021
470426022
470426025
470426026
470426052
470426056
470426060
470426064
470426084
470426088
470426092
470426096
470426100
470426212
470426216
470426220
470426244
470426248
470426252
470426256
470426277
470426278
470426281
470426282
470426308
470426312
470426316
470426320
470426340
470426344
470426348
470426352
470426356
470426468
470426472
470426476
470426500
470426504
470426508
470426512
470426533
470426534
470426537
470426538
470426564
470426568
470426572
470426576
470426596
470426600
470426604
470426608
470426612
470426724
470426728
470426732
470426756
470426760
470426764
470426768
470426789
470426790
470426793
470426794
470426820
470426824
470426828
470426832
470426852
470426856
470426860
470426864
470426868
470426980
470426984
470426988
470427012
470427016
470427020
470427024
470427045
470427046
470427049
470427050
470427076
470427080
470427084
470427088
470427108
470427112
470427116
470427120
470427124
470427236
470427240
470427244
470427268
470427272
470427276
470427280
470427301
470427302
470427305
470427306
470427332
470427336
470427340
470427344
470427364
470427368
470427372
470427376
470427380
470427492
470427496
470427500
470427524
470427528
470427532
470427536
470427557
470427558
470427561
470427562
470427588
470427592
470427596
470427600
470427620
470427624
470427628
470427632
470427636
470427748
470427752
470427756
470427780
470427784
470427788
470427792
470427813
470427814
470427817
470427818
470427844
470427848
470427852
470427856
470427876
470427880
470427884
470427888
470427892
470438276
470438280
470438284
470438309
470438310
470438313
470438314
470438317
470438318
470438340
470438344
470438348
470438372
470438376
470438380
470438384
470438388
470438532
470438536
470438540
470438565
470438566
470438569
470438570
470438573
470438574
470438596
470438600
470438604
470438628
470438632
470438636
470438640
470438644
470438788
470438792
470438796
470438821
470438822
470438825
470438826
470438829
470438830
470438852
470438856
470438860
470438884
470438888
470438892
470438896
470438900
470439044
470439048
470439052
470439077
470439078
470439081
470439082
470439085
470439086
470439108
470439112
470439116
470439140
470439144
470439148
470439152
470439156
470439300
470439304
470439308
470439333
470439334
470439337
470439338
470439341
470439342
470439364
470439368
470439372
470439396
470439400
470439404
470439408
470439412
470439556
470439560
470439564
470439589
470439590
470439593
470439594
470439597
470439598
470439620
470439624
470439628
470439652
470439656
470439660
470439664
470439668
470439812
470439816
470439820
470439845
470439846
470439849
470439850
470439853
470439854
470439876
470439880
470439884
470439908
470439912
470439916
470439920
470439924
470440068
470440072
470440076
470440101
470440102
470440105
470440106
470440109
470440110
470440132
470440136
470440140
470440164
470440168
470440172
470440176
470440180
470442372
470442376
470442380
470442384
470442405
470442406
470442409
470442410
470442436
470442440
470442444
470442448
470442468
470442472
470442476
470442480
470442484
470442628
470442632
470442636
470442640
470442661
470442662
470442665
470442666
470442692
470442696
470442700
470442704
470442724
470442728
470442732
470442736
470442740
470442884
470442888
470442892
470442896
470442917
470442918
470442921
470442922
470442948
470442952
470442956
470442960
470442980
470442984
470442988
470442992
470442996
470443140
470443144
470443148
470443152
470443173
470443174
470443177
470443178
470443204
470443208
470443212
470443216
470443236
470443240
470443244
470443248
470443252
470443396
470443400
470443404
470443408
470443429
470443430
470443433
470443434
470443460
470443464
470443468
470443472
470443492
470443496
470443500
470443504
470443508
470443652
470443656
470443660
470443664
470443685
470443686
470443689
470443690
470443716
470443720
470443724
470443728
470443748
470443752
470443756
470443760
470443764
470443908
470443912
470443916
470443920
470443941
470443942
470443945
470443946
470443972
470443976
470443980
470443984
470444004
470444008
470444012
470444016
470444020
470444164
470444168
470444172
470444176
470444197
470444198
470444201
470444202
470444228
470444232
470444236
470444240
470444260
470444264
470444268
470444272
470444276
