369120277
369120278
369120281
369120282
369120285
369120286
369120293
369120294
369120297
369120298
369120301
369120302
369120309
369120310
369120313
369120314
369120317
369120318
369120325
369120326
369120329
369120330
369120333
369120334
369120341
369120342
369120345
369120346
369120349
369120350
369120357
369120358
369120361
369120362
369120365
369120366
369120373
369120374
369120377
369120378
369120381
369120382
369120389
369120390
369120393
369120394
369120397
369120398
369120405
369120406
369120409
369120410
369120413
369120414
369120421
369120422
369120425
369120426
369120429
369120430
369120437
369120438
369120441
369120442
369120445
369120446
369120453
369120454
369120457
369120458
369120461
369120462
369120469
369120470
369120473
369120474
369120477
369120478
369120485
369120486
369120489
369120490
369120493
369120494
369120501
369120502
369120505
369120506
369120509
369120510
369120517
369120518
369120521
369120522
369120525
369120526
369120533
369120534
369120537
369120538
369120541
369120542
369120629
369120630
369120633
369120634
369120637
369120638
369120645
369120646
369120649
369120650
369120653
369120654
369120661
369120662
369120665
369120666
369120669
369120670
369120677
369120678
369120681
369120682
369120685
369120686
369121301
369121302
369121305
369121306
369121309
369121310
369121317
369121318
369121321
369121322
369121325
369121326
369121333
369121334
369121337
369121338
369121341
369121342
369121349
369121350
369121353
369121354
369121357
369121358
369121365
369121366
369121369
369121370
369121373
369121374
369121381
369121382
369121385
369121386
369121389
369121390
369121397
369121398
369121401
369121402
369121405
369121406
369121413
369121414
369121417
369121418
369121421
369121422
369121429
369121430
369121433
369121434
369121437
369121438
369121445
369121446
369121449
369121450
369121453
369121454
369121461
369121462
369121465
369121466
369121469
369121470
369121477
369121478
369121481
369121482
369121485
369121486
369121493
369121494
369121497
369121498
369121501
369121502
369121509
369121510
369121513
369121514
369121517
369121518
369121525
369121526
369121529
369121530
369121533
369121534
369121541
369121542
369121545
369121546
369121549
369121550
369121557
369121558
369121561
369121562
369121565
369121566
369121573
369121574
369121577
369121578
369121581
369121582
369121589
369121590
369121593
369121594
369121597
369121598
369121605
369121606
369121609
369121610
369121613
369121614
369121621
369121622
369121625
369121626
369121629
369121630
369121637
369121638
369121641
369121642
369121645
369121646
369121653
369121654
369121657
369121658
369121661
369121662
369121669
369121670
369121673
369121674
369121677
369121678
369121685
369121686
369121689
369121690
369121693
369121694
369121701
369121702
369121705
369121706
369121709
369121710
369121717
369121718
369121721
369121722
369121725
369121726
369121733
369121734
369121737
369121738
369121741
369121742
369121749
369121750
369121753
369121754
369121757
369121758
369121765
369121766
369121769
369121770
369121773
369121774
369124373
369124374
369124377
369124378
369124381
369124382
369124389
369124390
369124393
369124394
369124397
369124398
369124405
369124406
369124409
369124410
369124413
369124414
369124421
369124422
369124425
369124426
369124429
369124430
369124437
369124438
369124441
369124442
369124445
369124446
369124453
369124454
369124457
369124458
369124461
369124462
369124469
369124470
369124473
369124474
369124477
369124478
369124485
369124486
369124489
369124490
369124493
369124494
369124501
369124502
369124505
369124506
369124509
369124510
369124517
369124518
369124521
369124522
369124525
369124526
369124533
369124534
369124537
369124538
369124541
369124542
369124549
369124550
369124553
369124554
369124557
369124558
369124565
369124566
369124569
369124570
369124573
369124574
369124581
369124582
369124585
369124586
369124589
369124590
369124597
369124598
369124601
369124602
369124605
369124606
369124613
369124614
369124617
369124618
369124621
369124622
369124629
369124630
369124633
369124634
369124637
369124638
369124645
369124646
369124649
369124650
369124653
369124654
369124661
369124662
369124665
369124666
369124669
369124670
369124677
369124678
369124681
369124682
369124685
369124686
369124693
369124694
369124697
369124698
369124701
369124702
369124709
369124710
369124713
369124714
369124717
369124718
369124725
369124726
369124729
369124730
369124733
369124734
369124741
369124742
369124745
369124746
369124749
369124750
369124757
369124758
369124761
369124762
369124765
369124766
369124773
369124774
369124777
369124778
369124781
369124782
369125397
369125401
369125405
369125413
369125414
369125417
369125418
369125421
369125422
369125429
369125430
369125433
369125434
369125437
369125438
369125445
369125446
369125449
369125450
369125453
369125454
369125461
369125462
369125465
369125466
369125469
369125470
369125477
369125478
369125481
369125482
369125485
369125486
369125493
369125494
369125497
369125498
369125501
369125502
369125509
369125510
369125513
369125514
369125517
369125518
369125525
369125526
369125529
369125530
369125533
369125534
369125541
369125542
369125545
369125546
369125549
369125550
369125557
369125558
369125561
369125562
369125565
369125566
369125573
369125574
369125577
369125578
369125581
369125582
369125589
369125590
369125593
369125594
369125597
369125598
369125605
369125606
369125609
369125610
369125613
369125614
369125621
369125622
369125625
369125626
369125629
369125630
369125637
369125638
369125641
369125642
369125645
369125653
369125654
369125657
369125658
369125661
369125662
369125669
369125670
369125673
369125674
369125677
369125678
369125685
369125686
369125689
369125690
369125693
369125694
369125701
369125702
369125705
369125706
369125709
369125710
369125717
369125718
369125721
369125722
369125725
369125726
369125733
369125734
369125737
369125738
369125741
369125742
369125749
369125750
369125753
369125754
369125757
369125758
369125765
369125766
369125769
369125770
369125773
369125774
369125781
369125782
369125785
369125786
369125789
369125790
369125797
369125798
369125801
369125802
369125805
369125806
369125813
369125814
369125817
369125818
369125821
369125822
369125829
369125830
369125833
369125834
369125837
369125838
369125845
369125846
369125849
369125850
369125853
369125854
369125861
369125862
369125865
369125866
369125869
369125870
369136661
369136662
369136665
369136666
369136669
369136670
369136677
369136678
369136681
369136682
369136685
369136686
369136693
369136694
369136697
369136698
369136701
369136702
369136709
369136710
369136713
369136714
369136717
369136718
369136725
369136726
369136729
369136730
369136733
369136734
369136741
369136742
369136745
369136746
369136749
369136750
369136757
369136758
369136761
369136762
369136765
369136766
369136773
369136774
369136777
369136778
369136781
369136782
369136789
369136790
369136793
369136794
369136797
369136798
369136805
369136806
369136809
369136810
369136813
369136814
369136821
369136822
369136825
369136826
369136829
369136830
369136837
369136838
369136841
369136842
369136845
369136846
369136853
369136854
369136857
369136858
369136861
369136862
369136869
369136870
369136873
369136874
369136877
369136878
369136885
369136886
369136889
369136890
369136893
369136894
369136901
369136902
369136905
369136906
369136909
369136910
369136917
369136918
369136921
369136922
369136925
369136926
369136933
369136934
369136937
369136938
369136941
369136942
369136949
369136950
369136953
369136954
369136957
369136958
369136965
369136966
369136969
369136970
369136973
369136974
369136981
369136982
369136985
369136986
369136989
369136990
369136997
369136998
369137001
369137002
369137005
369137006
369137013
369137014
369137017
369137018
369137021
369137022
369137029
369137030
369137033
369137034
369137037
369137038
369137045
369137046
369137049
369137050
369137053
369137054
369137061
369137062
369137065
369137066
369137069
369137070
369137077
369137078
369137081
369137082
369137085
369137086
369137093
369137094
369137097
369137098
369137101
369137102
369137109
369137110
369137113
369137114
369137117
369137118
369137125
369137126
369137129
369137130
369137133
369137134
369137141
369137142
369137145
369137146
369137149
369137150
369137157
369137158
369137161
369137162
369137165
369137166
369137173
369137174
369137177
369137178
369137181
369137182
369137189
369137190
369137193
369137194
369137197
369137198
369137685
369137686
369137689
369137690
369137693
369137694
369137701
369137702
369137705
369137706
369137709
369137710
369137717
369137718
369137721
369137722
369137725
369137726
369137733
369137734
369137737
369137738
369137741
369137742
369137749
369137750
369137753
369137754
369137757
369137758
369137765
369137766
369137769
369137770
369137773
369137774
369137781
369137782
369137785
369137786
369137789
369137790
369137797
369137798
369137801
369137802
369137805
369137806
369137813
369137814
369137817
369137818
369137821
369137822
369137829
369137830
369137833
369137834
369137837
369137838
369137845
369137846
369137849
369137850
369137853
369137854
369137861
369137862
369137865
369137866
369137869
369137870
369137877
369137878
369137881
369137882
369137885
369137886
369137893
369137894
369137897
369137898
369137901
369137902
369137909
369137910
369137913
369137914
369137917
369137918
369137925
369137926
369137929
369137930
369137933
369137934
369137941
369137942
369137945
369137946
369137949
369137950
369137957
369137958
369137961
369137962
369137965
369137966
369137973
369137974
369137977
369137978
369137981
369137982
369137989
369137990
369137993
369137994
369137997
369137998
369138005
369138006
369138009
369138010
369138013
369138014
369138021
369138022
369138025
369138026
369138029
369138030
369138037
369138038
369138041
369138042
369138045
369138046
369138053
369138054
369138057
369138058
369138061
369138062
369138069
369138070
369138073
369138074
369138077
369138078
369138085
369138086
369138089
369138090
369138093
369138094
369138101
369138102
369138105
369138106
369138109
369138110
369138117
369138118
369138121
369138122
369138125
369138126
369138133
369138134
369138137
369138138
369138141
369138142
369138149
369138150
369138153
369138154
369138157
369138158
369138165
369138166
369138169
369138170
369138173
369138174
369138181
369138182
369138185
369138186
369138189
369138190
369138197
369138198
369138201
369138202
369138205
369138206
369138213
369138214
369138217
369138218
369138221
369138222
369138229
369138230
369138233
369138234
369138237
369138238
369138245
369138246
369138249
369138250
369138253
369138254
369138261
369138262
369138265
369138266
369138269
369138270
369138277
369138278
369138281
369138282
369138285
369138286
369140822
369140826
369140830
369140837
369140838
369140841
369140842
369140845
369140846
369140853
369140854
369140857
369140858
369140861
369140862
369140869
369140870
369140873
369140874
369140877
369140878
369140885
369140886
369140889
369140890
369140893
369140894
369140901
369140902
369140905
369140906
369140909
369140910
369140917
369140918
369140921
369140922
369140925
369140926
369140933
369140934
369140937
369140938
369140941
369140942
369140949
369140950
369140953
369140954
369140957
369140958
369140965
369140966
369140969
369140970
369140973
369140974
369140981
369140982
369140985
369140986
369140989
369140990
369140997
369140998
369141001
369141002
369141005
369141006
369141013
369141014
369141017
369141018
369141021
369141022
369141029
369141030
369141033
369141034
369141037
369141038
369141045
369141046
369141049
369141050
369141053
369141054
369141061
369141062
369141065
369141066
369141069
369141070
369141077
369141078
369141081
369141082
369141085
369141086
369141093
369141094
369141097
369141098
369141101
369141102
369141109
369141110
369141113
369141114
369141117
369141118
369141125
369141126
369141129
369141130
369141133
369141134
369141141
369141142
369141145
369141146
369141149
369141150
369141157
369141158
369141161
369141162
369141165
369141166
369141173
369141174
369141177
369141178
369141181
369141182
369141189
369141190
369141193
369141194
369141197
369141198
369141205
369141206
369141209
369141210
369141213
369141214
369141221
369141222
369141225
369141226
369141229
369141230
369141237
369141238
369141241
369141242
369141245
369141246
369141253
369141254
369141257
369141258
369141261
369141262
369141269
369141270
369141273
369141274
369141277
369141278
369141285
369141286
369141289
369141290
369141293
369141294
369141781
369141782
369141785
369141786
369141789
369141790
369141797
369141798
369141801
369141802
369141805
369141806
369141813
369141814
369141817
369141818
369141821
369141822
369141829
369141830
369141833
369141834
369141837
369141838
369141845
369141846
369141849
369141850
369141853
369141854
369141861
369141862
369141865
369141866
369141869
369141870
369141877
369141878
369141881
369141882
369141885
369141886
369141893
369141894
369141897
369141898
369141901
369141902
369141909
369141910
369141913
369141914
369141917
369141918
369141925
369141926
369141929
369141930
369141933
369141934
369141941
369141942
369141945
369141946
369141949
369141950
369141957
369141958
369141962
369141965
369141966
369141973
369141974
369141977
369141978
369141981
369141982
369141989
369141990
369141993
369141994
369141997
369141998
369142005
369142006
369142009
369142010
369142013
369142014
369142021
369142022
369142025
369142026
369142029
369142030
369142037
369142038
369142041
369142042
369142045
369142046
369142053
369142054
369142057
369142058
369142061
369142062
369142069
369142070
369142073
369142074
369142077
369142078
369142085
369142086
369142089
369142090
369142093
369142094
369142101
369142102
369142105
369142106
369142109
369142110
369142117
369142118
369142121
369142122
369142125
369142126
369142133
369142134
369142137
369142138
369142141
369142142
369142149
369142150
369142153
369142154
369142157
369142158
369142165
369142166
369142169
369142170
369142173
369142174
369142181
369142182
369142185
369142186
369142189
369142190
369142197
369142198
369142201
369142202
369142205
369142206
369142213
369142214
369142217
369142218
369142221
369142222
369142229
369142230
369142233
369142234
369142237
369142238
369142245
369142246
369142249
369142250
369142253
369142254
369142262
369142266
369142270
369142277
369142278
369142281
369142282
369142285
369142286
369142293
369142294
369142297
369142298
369142301
369142302
369142309
369142310
369142313
369142314
369142317
369142318
369142325
369142326
369142329
369142330
369142333
369142334
369142341
369142342
369142345
369142346
369142349
369142350
369142357
369142358
369142361
369142362
369142365
369142366
369142373
369142374
369142377
369142378
369142381
369142382
369153044
369153048
369153052
369153060
369153064
369153068
369153076
369153080
369153084
369153108
369153112
369153116
369153124
369153128
369153132
369153140
369153144
369153148
369153156
369153160
369153164
369153172
369153176
369153180
369153188
369153192
369153196
369153204
369153208
369153212
369153220
369153224
369153228
369153236
369153240
369153244
369153252
369153256
369153260
369153268
369153272
369153276
369153284
369153288
369153292
369153300
369153304
369153308
369153316
369153320
369153324
369153332
369153336
369153340
369153348
369153352
369153356
369153364
369153368
369153372
369153380
369153384
369153388
369153396
369153400
369153404
369153412
369153416
369153420
369153428
369153432
369153436
369153444
369153448
369153452
369153460
369153464
369153468
369153476
369153480
369153484
369153492
369153496
369153500
369153508
369153512
369153516
369153524
369153528
369153532
369153540
369153544
369153548
369153556
369153560
369153564
369153572
369153576
369153580
369153588
369153592
369153596
369153604
369153608
369153612
369153620
369153624
369153628
369153636
369153640
369153644
369153652
369153656
369153660
369153668
369153672
369153676
369153684
369153688
369153692
369153700
369153704
369153708
369153716
369153720
369153724
369153732
369153736
369153740
369154068
369154072
369154076
369154084
369154088
369154092
369154100
369154104
369154108
369154132
369154136
369154140
369154148
369154152
369154156
369154164
369154168
369154172
369154180
369154184
369154188
369154196
369154200
369154204
369154212
369154216
369154220
369154228
369154232
369154236
369154244
369154248
369154252
369154260
369154264
369154268
369154276
369154280
369154284
369154292
369154296
369154300
369154308
369154312
369154316
369154324
369154328
369154332
369154340
369154344
369154348
369154356
369154360
369154364
369154372
369154376
369154388
369154392
369154396
369154404
369154408
369154412
369154420
369154424
369154428
369154436
369154440
369154444
369154452
369154456
369154460
369154468
369154472
369154476
369154484
369154488
369154492
369154500
369154504
369154508
369154516
369154520
369154524
369154532
369154536
369154540
369154548
369154552
369154556
369154564
369154568
369154572
369154580
369154584
369154588
369154596
369154600
369154604
369154612
369154616
369154620
369154628
369154632
369154636
369154644
369154648
369154652
369154660
369154664
369154668
369154676
369154680
369154684
369154692
369154696
369154700
369154708
369154712
369154716
369154724
369154728
369154732
369154740
369154744
369154748
369154756
369154760
369154764
369154772
369154776
369154780
369154788
369154792
369154796
369157140
369157144
369157148
369157156
369157160
369157164
369157172
369157176
369157180
369157204
369157208
369157212
369157220
369157224
369157228
369157236
369157240
369157244
369157252
369157256
369157260
369157268
369157272
369157276
369157284
369157288
369157292
369157300
369157304
369157308
369157316
369157320
369157324
369157332
369157336
369157340
369157348
369157352
369157356
369157364
369157368
369157372
369157380
369157384
369157388
369157396
369157400
369157404
369157412
369157416
369157420
369157428
369157432
369157436
369157444
369157448
369157452
369157460
369157464
369157468
369157476
369157480
369157484
369157492
369157496
369157500
369157508
369157512
369157516
369157524
369157528
369157532
369157540
369157544
369157548
369157556
369157560
369157564
369157572
369157576
369157580
369157588
369157592
369157596
369157604
369157608
369157612
369157620
369157624
369157628
369157636
369157640
369157644
369157652
369157656
369157660
369157668
369157672
369157676
369157684
369157688
369157692
369157700
369157704
369157708
369157716
369157720
369157724
369157732
369157736
369157740
369157748
369157752
369157756
369157764
369157768
369157772
369157780
369157784
369157788
369157796
369157800
369157804
369157812
369157816
369157820
369157828
369157832
369157836
369158164
369158168
369158172
369158180
369158184
369158188
369158196
369158200
369158204
369158212
369158216
369158220
369158260
369158264
369158268
369158276
369158280
369158284
369158292
369158296
369158300
369158308
369158312
369158316
369158324
369158328
369158332
369158340
369158344
369158348
369158356
369158360
369158364
369158372
369158376
369158380
369158388
369158392
369158396
369158404
369158408
369158412
369158420
369158424
369158428
369158436
369158440
369158444
369158452
369158456
369158460
369158468
369158472
369158476
369158484
369158488
369158492
369158500
369158504
369158508
369158516
369158520
369158524
369158532
369158536
369158540
369158548
369158552
369158556
369158564
369158568
369158572
369158580
369158584
369158588
369158596
369158600
369158604
369158612
369158616
369158620
369158628
369158632
369158636
369158644
369158648
369158652
369158660
369158664
369158668
369158676
369158680
369158684
369158692
369158696
369158700
369158708
369158712
369158716
369158724
369158728
369158732
369158756
369158760
369158764
369158772
369158776
369158780
369158788
369158792
369158796
369158804
369158808
369158812
369158820
369158824
369158828
369158836
369158840
369158844
369158852
369158856
369158860
369158868
369158872
369158876
369158884
369158888
369158892
369169428
369169432
369169436
369169444
369169448
369169452
369169460
369169464
369169468
369169476
369169480
369169484
369169492
369169496
369169500
369169508
369169512
369169516
369169524
369169528
369169532
369169556
369169560
369169564
369169572
369169576
369169580
369169588
369169592
369169596
369169620
369169624
369169628
369169636
369169640
369169644
369169652
369169656
369169660
369169668
369169672
369169676
369169684
369169688
369169692
369169700
369169704
369169708
369169716
369169720
369169724
369169732
369169736
369169740
369169764
369169768
369169772
369169780
369169784
369169788
369169796
369169800
369169804
369169812
369169816
369169820
369169828
369169832
369169836
369169844
369169848
369169852
369169860
369169864
369169868
369169876
369169880
369169884
369169892
369169896
369169900
369169908
369169912
369169916
369169924
369169928
369169932
369169940
369169944
369169948
369169956
369169960
369169964
369169972
369169976
369169980
369169988
369169992
369169996
369170004
369170008
369170012
369170020
369170024
369170028
369170036
369170040
369170044
369170052
369170056
369170060
369170068
369170072
369170076
369170084
369170088
369170092
369170100
369170104
369170108
369170116
369170120
369170124
369170132
369170136
369170140
369170148
369170152
369170156
369170164
369170168
369170172
369170180
369170184
369170188
369170196
369170200
369170204
369170212
369170216
369170220
369170228
369170232
369170236
369170244
369170248
369170252
369170468
369170472
369170476
369170484
369170488
369170492
369170516
369170520
369170524
369170532
369170536
369170540
369170548
369170552
369170556
369170564
369170568
369170572
369170580
369170584
369170588
369170596
369170600
369170604
369170612
369170616
369170620
369170628
369170632
369170636
369170644
369170648
369170652
369170660
369170664
369170668
369170676
369170680
369170684
369170692
369170696
369170700
369170708
369170712
369170716
369170724
369170728
369170732
369170740
369170744
369170748
369170756
369170760
369170764
369170772
369170776
369170780
369170788
369170792
369170796
369170804
369170808
369170812
369170820
369170824
369170828
369170836
369170840
369170844
369170852
369170856
369170860
369170868
369170872
369170876
369170884
369170888
369170892
369170900
369170904
369170908
369170916
369170920
369170924
369170932
369170936
369170940
369170948
369170952
369170956
369170964
369170968
369170972
369170980
369170984
369170988
369170996
369171000
369171004
369171028
369171032
369171036
369171060
369171064
369171068
369171076
369171080
369171084
369171092
369171096
369171100
369171108
369171112
369171116
369171124
369171128
369171132
369171140
369171144
369171148
369171156
369171160
369171164
369171172
369171176
369171180
369171204
369171208
369171212
369171252
369171256
369171260
369171268
369171272
369171276
369171284
369171288
369171292
369171332
369171336
369171340
369173524
369173528
369173532
369173540
369173544
369173548
369173556
369173560
369173564
369173572
369173576
369173580
369173588
369173592
369173596
369173604
369173608
369173612
369173620
369173624
369173628
369173636
369173640
369173644
369173652
369173656
369173660
369173668
369173672
369173676
369173684
369173688
369173692
369173700
369173704
369173708
369173716
369173720
369173724
369173732
369173736
369173740
369173748
369173752
369173756
369173764
369173768
369173772
369173780
369173784
369173788
369173796
369173800
369173804
369173812
369173816
369173820
369173828
369173832
369173836
369173844
369173848
369173852
369173860
369173864
369173868
369173876
369173880
369173884
369173892
369173896
369173900
369173908
369173912
369173916
369173924
369173928
369173932
369173940
369173944
369173948
369173956
369173960
369173964
369173972
369173976
369173980
369173988
369173992
369173996
369174004
369174008
369174012
369174020
369174024
369174028
369174036
369174040
369174044
369174052
369174056
369174060
369174068
369174072
369174076
369174084
369174088
369174092
369174100
369174104
369174108
369174116
369174120
369174124
369174132
369174136
369174140
369174148
369174152
369174156
369174164
369174168
369174172
369174180
369174184
369174188
369174196
369174200
369174204
369174212
369174216
369174220
369174228
369174232
369174236
369174244
369174248
369174252
369174260
369174264
369174268
369174276
369174280
369174284
369174292
369174296
369174300
369174308
369174312
369174316
369174324
369174328
369174332
369174340
369174344
369174348
369174548
369174552
369174556
369174564
369174568
369174572
369174580
369174584
369174588
369174596
369174600
369174604
369174612
369174616
369174620
369174628
369174632
369174636
369174644
369174648
369174652
369174660
369174664
369174668
369174676
369174680
369174684
369174692
369174696
369174700
369174708
369174712
369174716
369174724
369174728
369174732
369174740
369174744
369174748
369174756
369174760
369174764
369174772
369174776
369174780
369174788
369174792
369174796
369174804
369174808
369174812
369174820
369174824
369174828
369174836
369174840
369174844
369174852
369174856
369174860
369174868
369174872
369174876
369174884
369174888
369174892
369174900
369174904
369174908
369174916
369174920
369174924
369174932
369174936
369174940
369174948
369174952
369174956
369174980
369174984
369174988
369174996
369175000
369175004
369175012
369175016
369175020
369175028
369175032
369175036
369175044
369175048
369175052
369175060
369175064
369175068
369175076
369175080
369175084
369175092
369175096
369175100
369175108
369175112
369175116
369175124
369175128
369175132
369175140
369175144
369175148
369175156
369175160
369175164
369175172
369175176
369175180
369175188
369175192
369175196
369175204
369175208
369175212
369175220
369175224
369175228
369175236
369175240
369175244
369175252
369175256
369175260
369175268
369175272
369175276
369175284
369175288
369175292
369175300
369175304
369175308
369175316
369175320
369175324
369175332
369175336
369175340
369175348
369175352
369175356
369175364
369175368
369175372
369175380
369175384
369175388
369175396
369175400
369175404
369175412
369175416
369175420
369175428
369175432
369175436
