402664069
402664070
402664073
402664074
402664077
402664078
402664081
402664082
402664085
402664086
402664089
402664090
402664093
402664094
402664097
402664098
402664101
402664102
402664105
402664106
402664109
402664110
402664113
402664114
402664197
402664198
402664201
402664202
402664205
402664206
402664209
402664210
402664213
402664214
402664217
402664218
402664221
402664222
402664225
402664226
402664229
402664230
402664233
402664234
402664237
402664238
402664241
402664242
402664581
402664582
402664585
402664586
402664589
402664590
402664593
402664594
402664597
402664598
402664601
402664602
402664605
402664606
402664609
402664610
402664613
402664614
402664617
402664618
402664621
402664622
402664625
402664626
402664709
402664710
402664713
402664714
402664717
402664718
402664721
402664722
402664725
402664726
402664729
402664730
402664733
402664734
402664737
402664738
402664741
402664742
402664745
402664746
402664749
402664750
402664753
402664754
402665092
402665096
402665100
402665104
402665108
402665112
402665116
402665120
402665124
402665128
402665132
402665136
402665140
402665144
402665148
402665152
402665156
402665160
402665164
402665168
402665220
402665224
402665228
402665232
402665236
402665240
402665244
402665248
402665252
402665256
402665260
402665264
402665268
402665272
402665276
402665280
402665284
402665288
402665292
402665296
402666117
402666118
402666121
402666122
402666125
402666126
402666129
402666130
402666133
402666134
402666137
402666138
402666141
402666142
402666145
402666146
402666149
402666150
402666153
402666154
402666157
402666158
402666161
402666162
402666245
402666246
402666249
402666250
402666253
402666254
402666257
402666258
402666261
402666262
402666265
402666266
402666269
402666270
402666273
402666274
402666277
402666278
402666281
402666282
402666285
402666286
402666289
402666290
402666629
402666630
402666633
402666634
402666637
402666638
402666641
402666642
402666645
402666646
402666649
402666650
402666653
402666654
402666657
402666658
402666661
402666662
402666665
402666666
402666669
402666670
402666673
402666674
402666757
402666758
402666761
402666762
402666765
402666766
402666769
402666770
402666773
402666774
402666777
402666778
402666781
402666782
402666785
402666786
402666789
402666790
402666793
402666794
402666797
402666798
402666801
402666802
402667140
402667144
402667148
402667152
402667156
402667160
402667164
402667168
402667172
402667176
402667180
402667184
402667188
402667192
402667196
402667200
402667204
402667208
402667212
402667216
402667268
402667272
402667276
402667280
402667284
402667288
402667292
402667296
402667300
402667304
402667308
402667312
402667316
402667320
402667324
402667328
402667332
402667336
402667340
402667344
402668165
402668166
402668169
402668170
402668173
402668174
402668177
402668178
402668181
402668182
402668185
402668186
402668189
402668190
402668193
402668194
402668197
402668198
402668201
402668202
402668205
402668206
402668209
402668210
402668293
402668294
402668297
402668298
402668301
402668302
402668305
402668306
402668309
402668310
402668313
402668314
402668317
402668318
402668321
402668322
402668325
402668326
402668329
402668330
402668333
402668334
402668337
402668338
402668677
402668678
402668681
402668682
402668685
402668686
402668689
402668690
402668693
402668694
402668697
402668698
402668701
402668702
402668705
402668706
402668709
402668710
402668713
402668714
402668717
402668718
402668721
402668722
402668805
402668806
402668809
402668810
402668813
402668814
402668817
402668818
402668821
402668822
402668825
402668826
402668829
402668830
402668833
402668834
402668837
402668838
402668841
402668842
402668845
402668846
402668849
402668850
402669188
402669192
402669196
402669200
402669204
402669208
402669212
402669216
402669220
402669224
402669228
402669232
402669236
402669240
402669244
402669248
402669252
402669256
402669260
402669264
402669316
402669320
402669324
402669328
402669332
402669336
402669340
402669344
402669348
402669352
402669356
402669360
402669364
402669368
402669372
402669376
402669380
402669384
402669388
402669392
402672261
402672262
402672265
402672266
402672269
402672270
402672273
402672274
402672277
402672278
402672281
402672282
402672285
402672286
402672289
402672290
402672293
402672294
402672297
402672298
402672301
402672302
402672305
402672306
402672389
402672390
402672393
402672394
402672397
402672398
402672401
402672402
402672405
402672406
402672409
402672410
402672413
402672414
402672417
402672418
402672421
402672422
402672425
402672426
402672429
402672430
402672433
402672434
402672773
402672774
402672777
402672778
402672781
402672782
402672785
402672786
402672789
402672790
402672793
402672794
402672797
402672798
402672801
402672802
402672805
402672806
402672809
402672810
402672813
402672814
402672817
402672818
402672901
402672902
402672905
402672906
402672909
402672910
402672913
402672914
402672917
402672918
402672921
402672922
402672925
402672926
402672929
402672930
402672933
402672934
402672937
402672938
402672941
402672942
402672945
402672946
402673284
402673288
402673292
402673296
402673300
402673304
402673308
402673312
402673316
402673320
402673324
402673328
402673332
402673336
402673340
402673344
402673348
402673352
402673356
402673360
402673412
402673416
402673420
402673424
402673428
402673432
402673436
402673440
402673444
402673448
402673452
402673456
402673460
402673464
402673468
402673472
402673476
402673480
402673484
402673488
402674309
402674310
402674313
402674314
402674317
402674318
402674321
402674322
402674325
402674326
402674329
402674330
402674333
402674334
402674337
402674338
402674341
402674342
402674345
402674346
402674349
402674350
402674353
402674354
402674437
402674438
402674441
402674442
402674445
402674446
402674449
402674450
402674453
402674454
402674457
402674458
402674461
402674462
402674465
402674466
402674469
402674470
402674473
402674474
402674477
402674478
402674481
402674482
402674821
402674822
402674825
402674826
402674829
402674830
402674833
402674834
402674837
402674838
402674841
402674842
402674845
402674846
402674849
402674850
402674853
402674854
402674857
402674858
402674861
402674862
402674865
402674866
402674949
402674950
402674953
402674954
402674957
402674958
402674961
402674962
402674965
402674966
402674969
402674970
402674973
402674974
402674977
402674978
402674981
402674982
402674985
402674986
402674989
402674990
402674993
402674994
402675332
402675336
402675340
402675344
402675348
402675352
402675356
402675360
402675364
402675368
402675372
402675376
402675380
402675384
402675388
402675392
402675396
402675400
402675404
402675408
402675460
402675464
402675468
402675472
402675476
402675480
402675484
402675488
402675492
402675496
402675500
402675504
402675508
402675512
402675516
402675520
402675524
402675528
402675532
402675536
402676357
402676358
402676361
402676362
402676365
402676366
402676369
402676370
402676373
402676374
402676377
402676378
402676381
402676382
402676385
402676386
402676389
402676390
402676393
402676394
402676397
402676398
402676401
402676402
402676485
402676486
402676489
402676490
402676493
402676494
402676497
402676498
402676501
402676502
402676505
402676506
402676509
402676510
402676513
402676514
402676517
402676518
402676521
402676522
402676525
402676526
402676529
402676530
402676869
402676870
402676873
402676874
402676877
402676878
402676881
402676882
402676885
402676886
402676889
402676890
402676893
402676894
402676897
402676898
402676901
402676902
402676905
402676906
402676909
402676910
402676913
402676914
402676997
402676998
402677001
402677002
402677005
402677006
402677009
402677010
402677013
402677014
402677017
402677018
402677021
402677022
402677025
402677026
402677029
402677030
402677033
402677034
402677037
402677038
402677041
402677042
402677380
402677384
402677388
402677392
402677396
402677400
402677404
402677408
402677412
402677416
402677420
402677424
402677428
402677432
402677436
402677440
402677444
402677448
402677452
402677456
402677508
402677512
402677516
402677520
402677524
402677528
402677532
402677536
402677540
402677544
402677548
402677552
402677556
402677560
402677564
402677568
402677572
402677576
402677580
402677584
