436228133
436228134
436228137
436228138
436228141
436228142
436228145
436228146
436228149
436228150
436228153
436228154
436228165
436228166
436228169
436228170
436228173
436228174
436228177
436228178
436228181
436228182
436228185
436228186
436228197
436228198
436228201
436228202
436228205
436228206
436228209
436228210
436228213
436228214
436228217
436228218
436228229
436228230
436228233
436228234
436228237
436228238
436228241
436228242
436228245
436228246
436228249
436228250
436228261
436228262
436228265
436228266
436228269
436228270
436228273
436228274
436228277
436228278
436228281
436228282
436228293
436228294
436228297
436228298
436228301
436228302
436228305
436228306
436228309
436228310
436228313
436228314
436228325
436228326
436228329
436228330
436228333
436228334
436228337
436228338
436228341
436228342
436228345
436228346
436228357
436228358
436228361
436228362
436228365
436228366
436228369
436228370
436228373
436228374
436228377
436228378
436228389
436228390
436228393
436228394
436228397
436228398
436228401
436228402
436228405
436228406
436228409
436228410
436228421
436228422
436228425
436228426
436228429
436228430
436228433
436228434
436228437
436228438
436228441
436228442
436228453
436228454
436228457
436228458
436228461
436228462
436228465
436228466
436228469
436228470
436228473
436228474
436228485
436228486
436228489
436228490
436228493
436228494
436228497
436228498
436228501
436228502
436228505
436228506
436228517
436228518
436228521
436228522
436228525
436228526
436228529
436228530
436228533
436228534
436228537
436228538
436228549
436228550
436228553
436228554
436228557
436228558
436228561
436228562
436228565
436228566
436228569
436228570
436228581
436228582
436228585
436228586
436228589
436228590
436228593
436228594
436228597
436228598
436228601
436228602
436228613
436228614
436228617
436228618
436228621
436228622
436228625
436228626
436228629
436228630
436228633
436228634
436228645
436228646
436228649
436228650
436228653
436228654
436228657
436228658
436228661
436228662
436228665
436228666
436228677
436228678
436228681
436228682
436228685
436228686
436228689
436228690
436228693
436228694
436228697
436228698
436228709
436228710
436228713
436228714
436228717
436228718
436228721
436228722
436228725
436228726
436228729
436228730
436228741
436228742
436228745
436228746
436228749
436228750
436228753
436228754
436228757
436228758
436228761
436228762
436228773
436228774
436228777
436228778
436228781
436228782
436228785
436228786
436228789
436228790
436228793
436228794
436228805
436228806
436228809
436228810
436228813
436228814
436228817
436228818
436228821
436228822
436228825
436228826
436228837
436228838
436228841
436228842
436228845
436228846
436228849
436228850
436228853
436228854
436228857
436228858
436228869
436228870
436228873
436228874
436228877
436228878
436228881
436228882
436228885
436228886
436228889
436228890
436228901
436228902
436228905
436228906
436228909
436228910
436228913
436228914
436228917
436228918
436228921
436228922
436228933
436228934
436228937
436228938
436228941
436228942
436228945
436228946
436228949
436228950
436228953
436228954
436228965
436228966
436228969
436228970
436228973
436228974
436228977
436228978
436228981
436228982
436228985
436228986
436228997
436228998
436229001
436229002
436229005
436229006
436229009
436229010
436229013
436229014
436229017
436229018
436229029
436229030
436229033
436229034
436229037
436229038
436229041
436229042
436229045
436229046
436229049
436229050
436229061
436229062
436229065
436229066
436229069
436229070
436229073
436229074
436229077
436229078
436229081
436229082
436229093
436229094
436229097
436229098
436229101
436229102
436229105
436229106
436229109
436229110
436229113
436229114
436229125
436229126
436229129
436229130
436229133
436229134
436229137
436229138
436229141
436229142
436229145
436229146
436229157
436229158
436229161
436229162
436229165
436229166
436229169
436229170
436229173
436229174
436229177
436229178
436229189
436229190
436229193
436229194
436229197
436229198
436229201
436229202
436229205
436229206
436229209
436229210
436229221
436229222
436229225
436229226
436229229
436229230
436229233
436229234
436229237
436229238
436229241
436229242
436229253
436229254
436229257
436229258
436229261
436229262
436229265
436229266
436229269
436229270
436229273
436229274
436229285
436229286
436229289
436229290
436229293
436229294
436229297
436229298
436229301
436229302
436229305
436229306
436229317
436229318
436229321
436229322
436229325
436229326
436229329
436229330
436229333
436229334
436229337
436229338
436229349
436229350
436229353
436229354
436229357
436229358
436229361
436229362
436229365
436229366
436229369
436229370
436229381
436229382
436229385
436229386
436229389
436229390
436229393
436229394
436229397
436229398
436229401
436229402
436229413
436229414
436229417
436229418
436229421
436229422
436229425
436229426
436229429
436229430
436229433
436229434
436229445
436229446
436229449
436229450
436229453
436229454
436229457
436229458
436229461
436229462
436229465
436229466
436232229
436232230
436232233
436232234
436232237
436232238
436232241
436232242
436232245
436232246
436232249
436232250
436232261
436232262
436232265
436232266
436232269
436232270
436232273
436232274
436232277
436232278
436232281
436232282
436232293
436232294
436232297
436232298
436232301
436232302
436232305
436232306
436232309
436232310
436232313
436232314
436232325
436232326
436232329
436232330
436232333
436232334
436232337
436232338
436232341
436232342
436232345
436232346
436232357
436232358
436232361
436232362
436232365
436232366
436232369
436232370
436232373
436232374
436232377
436232378
436232389
436232390
436232393
436232394
436232397
436232398
436232401
436232402
436232405
436232406
436232409
436232410
436232421
436232422
436232425
436232426
436232429
436232430
436232433
436232434
436232437
436232438
436232441
436232442
436232453
436232454
436232457
436232458
436232461
436232462
436232465
436232466
436232469
436232470
436232473
436232474
436232485
436232486
436232489
436232490
436232493
436232494
436232497
436232498
436232501
436232502
436232505
436232506
436232517
436232518
436232521
436232522
436232525
436232526
436232529
436232530
436232533
436232534
436232537
436232538
436232549
436232550
436232553
436232554
436232557
436232558
436232561
436232562
436232565
436232566
436232569
436232570
436232581
436232582
436232585
436232586
436232589
436232590
436232593
436232594
436232597
436232598
436232601
436232602
436232613
436232614
436232617
436232618
436232621
436232622
436232625
436232626
436232629
436232630
436232633
436232634
436232645
436232646
436232649
436232650
436232653
436232654
436232657
436232658
436232661
436232662
436232665
436232666
436232677
436232678
436232681
436232682
436232685
436232686
436232689
436232690
436232693
436232694
436232697
436232698
436232709
436232710
436232713
436232714
436232717
436232718
436232721
436232722
436232725
436232726
436232729
436232730
436232741
436232742
436232745
436232746
436232749
436232750
436232753
436232754
436232757
436232758
436232761
436232762
436232773
436232777
436232778
436232781
436232782
436232785
436232786
436232789
436232790
436232793
436232794
436232805
436232806
436232809
436232810
436232813
436232814
436232817
436232818
436232821
436232822
436232825
436232826
436232837
436232838
436232841
436232842
436232845
436232846
436232849
436232850
436232853
436232854
436232857
436232858
436232869
436232870
436232873
436232874
436232877
436232878
436232881
436232882
436232885
436232886
436232889
436232890
436232901
436232902
436232905
436232906
436232909
436232910
436232913
436232914
436232917
436232918
436232921
436232922
436232933
436232934
436232937
436232938
436232941
436232942
436232945
436232946
436232949
436232950
436232953
436232954
436232965
436232966
436232969
436232970
436232973
436232974
436232977
436232978
436232981
436232982
436232985
436232986
436232997
436232998
436233001
436233002
436233005
436233006
436233009
436233010
436233013
436233014
436233017
436233018
436233029
436233030
436233033
436233034
436233037
436233038
436233041
436233042
436233045
436233046
436233049
436233050
436233061
436233062
436233065
436233066
436233069
436233070
436233073
436233074
436233077
436233078
436233081
436233082
436233093
436233094
436233097
436233098
436233101
436233102
436233105
436233106
436233109
436233110
436233113
436233114
436233125
436233126
436233129
436233130
436233133
436233134
436233137
436233138
436233141
436233142
436233145
436233146
436233157
436233158
436233161
436233162
436233165
436233166
436233169
436233170
436233173
436233174
436233177
436233178
436233189
436233190
436233193
436233194
436233197
436233198
436233201
436233202
436233205
436233206
436233209
436233210
436233221
436233222
436233225
436233226
436233229
436233230
436233233
436233234
436233237
436233238
436233241
436233242
436233253
436233254
436233257
436233258
436233261
436233262
436233265
436233266
436233269
436233270
436233273
436233274
436233285
436233286
436233289
436233290
436233293
436233294
436233297
436233298
436233301
436233302
436233305
436233306
436233317
436233318
436233321
436233322
436233325
436233326
436233329
436233330
436233333
436233334
436233337
436233338
436233349
436233350
436233353
436233354
436233357
436233358
436233361
436233362
436233365
436233366
436233369
436233370
436233381
436233382
436233385
436233386
436233389
436233390
436233393
436233394
436233397
436233398
436233401
436233402
436233413
436233414
436233417
436233418
436233421
436233422
436233425
436233426
436233429
436233430
436233433
436233434
436233445
436233446
436233449
436233450
436233453
436233454
436233457
436233458
436233461
436233462
436233465
436233466
436233477
436233478
436233481
436233482
436233485
436233486
436233489
436233490
436233493
436233494
436233497
436233498
436233509
436233510
436233513
436233514
436233517
436233518
436233521
436233522
436233525
436233526
436233529
436233530
436233541
436233542
436233545
436233546
436233549
436233550
436233553
436233554
436233557
436233558
436233561
436233562
436244517
436244518
436244521
436244522
436244525
436244526
436244529
436244530
436244533
436244534
436244537
436244538
436244549
436244550
436244553
436244554
436244557
436244558
436244561
436244562
436244565
436244566
436244569
436244570
436244581
436244582
436244585
436244586
436244589
436244590
436244593
436244594
436244597
436244598
436244601
436244602
436244613
436244614
436244617
436244618
436244621
436244622
436244625
436244626
436244629
436244630
436244633
436244634
436244645
436244646
436244649
436244650
436244653
436244654
436244657
436244658
436244661
436244662
436244665
436244666
436244677
436244678
436244681
436244682
436244685
436244686
436244689
436244690
436244693
436244694
436244697
436244698
436244709
436244710
436244713
436244714
436244717
436244718
436244721
436244722
436244725
436244726
436244729
436244730
436244741
436244742
436244745
436244746
436244749
436244750
436244753
436244754
436244757
436244758
436244761
436244762
436244773
436244774
436244777
436244778
436244781
436244782
436244785
436244786
436244789
436244790
436244793
436244794
436244805
436244806
436244809
436244810
436244813
436244814
436244817
436244818
436244821
436244822
436244825
436244826
436244837
436244838
436244841
436244842
436244845
436244846
436244849
436244850
436244853
436244854
436244857
436244858
436244869
436244870
436244873
436244874
436244877
436244878
436244881
436244882
436244885
436244886
436244889
436244890
436244901
436244902
436244905
436244906
436244909
436244910
436244913
436244914
436244917
436244918
436244921
436244922
436244933
436244934
436244937
436244938
436244941
436244942
436244945
436244946
436244949
436244950
436244953
436244954
436244965
436244966
436244969
436244970
436244973
436244974
436244977
436244978
436244981
436244982
436244985
436244986
436244997
436244998
436245001
436245002
436245005
436245006
436245009
436245010
436245013
436245014
436245017
436245018
436245029
436245030
436245033
436245034
436245037
436245038
436245041
436245042
436245045
436245046
436245049
436245050
436245061
436245062
436245065
436245066
436245069
436245070
436245073
436245074
436245077
436245078
436245081
436245082
436245093
436245094
436245097
436245098
436245101
436245102
436245105
436245106
436245109
436245110
436245113
436245114
436245125
436245126
436245129
436245130
436245133
436245134
436245137
436245138
436245141
436245142
436245145
436245146
436245157
436245158
436245161
436245162
436245165
436245166
436245169
436245170
436245173
436245174
436245177
436245178
436245189
436245190
436245193
436245194
436245197
436245198
436245201
436245202
436245205
436245206
436245209
436245210
436245221
436245222
436245225
436245226
436245229
436245230
436245233
436245234
436245237
436245238
436245241
436245242
436245253
436245254
436245257
436245258
436245261
436245262
436245265
436245266
436245269
436245270
436245273
436245274
436245285
436245286
436245289
436245290
436245293
436245294
436245297
436245298
436245301
436245302
436245305
436245306
436245317
436245318
436245321
436245322
436245325
436245326
436245329
436245330
436245333
436245334
436245337
436245338
436245349
436245350
436245353
436245354
436245357
436245358
436245361
436245362
436245365
436245366
436245369
436245370
436245381
436245382
436245385
436245386
436245389
436245390
436245393
436245394
436245397
436245398
436245401
436245402
436245413
436245414
436245417
436245418
436245421
436245422
436245425
436245426
436245429
436245430
436245433
436245434
436245445
436245446
436245449
436245450
436245453
436245454
436245457
436245458
436245461
436245462
436245465
436245466
436245477
436245478
436245481
436245482
436245485
436245486
436245489
436245490
436245493
436245494
436245497
436245498
436245509
436245510
436245513
436245514
436245517
436245518
436245521
436245522
436245525
436245526
436245529
436245530
436245541
436245542
436245545
436245546
436245549
436245550
436245553
436245554
436245557
436245558
436245561
436245562
436245573
436245574
436245577
436245578
436245581
436245582
436245585
436245586
436245589
436245590
436245593
436245594
436245605
436245606
436245609
436245610
436245613
436245614
436245617
436245618
436245621
436245622
436245625
436245626
436245637
436245638
436245641
436245642
436245645
436245646
436245649
436245650
436245653
436245654
436245657
436245658
436245669
436245670
436245673
436245674
436245677
436245678
436245681
436245682
436245685
436245686
436245689
436245690
436245701
436245702
436245705
436245706
436245709
436245710
436245713
436245714
436245717
436245718
436245721
436245722
436245733
436245734
436245737
436245738
436245741
436245742
436245745
436245746
436245749
436245750
436245753
436245754
436245765
436245766
436245769
436245770
436245773
436245774
436245777
436245778
436245781
436245782
436245785
436245786
436245797
436245798
436245801
436245802
436245805
436245806
436245809
436245810
436245813
436245814
436245817
436245818
436245829
436245830
436245833
436245834
436245837
436245838
436245841
436245842
436245846
436245849
436245850
436245861
436245862
436245865
436245866
436245869
436245870
436245873
436245874
436245877
436245878
436245881
436245882
436245893
436245894
436245897
436245898
436245901
436245902
436245905
436245906
436245909
436245910
436245913
436245914
436245925
436245926
436245929
436245930
436245933
436245934
436245937
436245938
436245941
436245942
436245945
436245946
436245957
436245958
436245961
436245962
436245965
436245966
436245969
436245970
436245973
436245974
436245977
436245978
436245989
436245990
436245993
436245994
436245997
436245998
436246001
436246002
436246005
436246006
436246009
436246010
436246021
436246022
436246025
436246026
436246029
436246030
436246033
436246034
436246037
436246038
436246041
436246042
436248613
436248614
436248617
436248618
436248621
436248622
436248625
436248626
436248629
436248630
436248633
436248634
436248645
436248646
436248649
436248650
436248653
436248654
436248657
436248658
436248661
436248662
436248665
436248666
436248677
436248678
436248681
436248682
436248685
436248686
436248689
436248690
436248693
436248694
436248697
436248698
436248709
436248710
436248713
436248714
436248717
436248718
436248721
436248722
436248725
436248726
436248729
436248730
436248741
436248742
436248745
436248746
436248749
436248750
436248753
436248754
436248757
436248758
436248761
436248762
436248773
436248774
436248777
436248778
436248781
436248782
436248785
436248786
436248789
436248790
436248793
436248794
436248805
436248806
436248809
436248810
436248813
436248814
436248817
436248818
436248821
436248822
436248825
436248826
436248837
436248838
436248841
436248842
436248845
436248846
436248849
436248850
436248853
436248854
436248857
436248858
436248869
436248870
436248873
436248874
436248877
436248878
436248881
436248882
436248885
436248886
436248889
436248890
436248901
436248902
436248905
436248906
436248909
436248910
436248913
436248914
436248917
436248918
436248921
436248922
436248933
436248934
436248937
436248938
436248941
436248942
436248945
436248946
436248949
436248950
436248953
436248954
436248965
436248966
436248969
436248970
436248973
436248974
436248977
436248978
436248981
436248982
436248985
436248986
436248997
436248998
436249001
436249002
436249005
436249006
436249009
436249010
436249013
436249014
436249017
436249018
436249029
436249030
436249033
436249034
436249037
436249038
436249041
436249042
436249045
436249046
436249049
436249050
436249061
436249062
436249065
436249066
436249069
436249070
436249073
436249074
436249077
436249078
436249081
436249082
436249093
436249094
436249097
436249098
436249101
436249102
436249105
436249106
436249109
436249110
436249113
436249114
436249125
436249126
436249129
436249130
436249133
436249134
436249137
436249138
436249141
436249142
436249145
436249146
436249157
436249158
436249161
436249162
436249165
436249166
436249169
436249170
436249173
436249174
436249177
436249178
436249189
436249190
436249193
436249194
436249197
436249198
436249201
436249202
436249205
436249206
436249209
436249210
436249221
436249222
436249225
436249226
436249229
436249230
436249233
436249234
436249237
436249238
436249241
436249242
436249253
436249254
436249257
436249258
436249261
436249262
436249265
436249266
436249269
436249270
436249273
436249274
436249285
436249286
436249289
436249290
436249293
436249294
436249297
436249298
436249301
436249302
436249305
436249306
436249317
436249318
436249321
436249322
436249325
436249326
436249329
436249330
436249333
436249334
436249337
436249338
436249350
436249353
436249354
436249357
436249358
436249361
436249362
436249365
436249366
436249369
436249370
436249381
436249382
436249385
436249386
436249389
436249390
436249393
436249394
436249397
436249398
436249401
436249402
436249413
436249414
436249417
436249418
436249421
436249422
436249425
436249426
436249429
436249430
436249433
436249434
436249445
436249446
436249449
436249450
436249453
436249454
436249457
436249458
436249461
436249462
436249465
436249466
436249477
436249478
436249481
436249482
436249485
436249486
436249489
436249490
436249493
436249494
436249497
436249498
436249509
436249510
436249513
436249514
436249517
436249518
436249521
436249522
436249525
436249526
436249529
436249530
436249541
436249542
436249545
436249546
436249549
436249550
436249553
436249554
436249557
436249561
436249562
436249573
436249574
436249577
436249578
436249581
436249582
436249585
436249586
436249589
436249590
436249593
436249594
436249605
436249606
436249609
436249610
436249613
436249614
436249617
436249618
436249621
436249622
436249625
436249626
436249637
436249638
436249641
436249642
436249645
436249646
436249649
436249650
436249653
436249654
436249657
436249658
436249669
436249670
436249673
436249674
436249677
436249678
436249681
436249682
436249685
436249686
436249689
436249690
436249701
436249702
436249705
436249706
436249709
436249710
436249713
436249714
436249717
436249718
436249721
436249722
436249733
436249734
436249737
436249738
436249741
436249742
436249745
436249746
436249749
436249750
436249753
436249754
436249765
436249766
436249769
436249770
436249773
436249774
436249777
436249778
436249781
436249782
436249785
436249786
436249797
436249798
436249801
436249802
436249805
436249806
436249809
436249810
436249813
436249814
436249817
436249818
436249829
436249830
436249833
436249834
436249837
436249838
436249841
436249842
436249845
436249846
436249849
436249850
436249861
436249862
436249865
436249866
436249869
436249870
436249873
436249874
436249877
436249878
436249881
436249882
436249893
436249894
436249897
436249898
436249901
436249902
436249905
436249906
436249909
436249910
436249913
436249914
436249925
436249926
436249929
436249930
436249933
436249934
436249937
436249938
436249941
436249942
436249945
436249946
436249957
436249958
436249961
436249962
436249965
436249966
436249969
436249970
436249973
436249974
436249977
436249978
436249989
436249990
436249993
436249994
436249997
436249998
436250001
436250002
436250005
436250006
436250009
436250010
436250021
436250022
436250025
436250026
436250029
436250030
436250033
436250034
436250037
436250038
436250041
436250042
436250053
436250054
436250057
436250058
436250061
436250062
436250065
436250066
436250069
436250070
436250073
436250074
436250085
436250086
436250089
436250090
436250093
436250094
436250097
436250098
436250101
436250102
436250105
436250106
436250117
436250118
436250121
436250122
436250125
436250126
436250129
436250130
436250133
436250134
436250137
436250138
436260900
436260904
436260908
436260912
436260916
436260920
436260932
436260936
436260940
436260944
436260948
436260952
436260964
436260968
436260972
436260976
436260980
436260984
436260996
436261000
436261004
436261008
436261012
436261016
436261028
436261032
436261036
436261040
436261044
436261048
436261060
436261064
436261068
436261072
436261076
436261080
436261092
436261096
436261100
436261104
436261108
436261112
436261124
436261128
436261132
436261136
436261140
436261144
436261156
436261160
436261164
436261168
436261172
436261176
436261188
436261192
436261196
436261200
436261204
436261208
436261220
436261224
436261228
436261232
436261236
436261240
436261252
436261256
436261260
436261264
436261268
436261272
436261284
436261288
436261292
436261296
436261300
436261304
436261316
436261320
436261324
436261328
436261332
436261336
436261348
436261352
436261356
436261360
436261364
436261368
436261380
436261384
436261388
436261392
436261396
436261400
436261412
436261416
436261420
436261424
436261428
436261432
436261444
436261448
436261452
436261456
436261460
436261464
436261476
436261480
436261484
436261488
436261492
436261496
436261508
436261512
436261516
436261520
436261524
436261528
436261540
436261544
436261548
436261552
436261556
436261560
436261572
436261576
436261580
436261584
436261588
436261592
436261604
436261608
436261612
436261616
436261620
436261624
436261636
436261640
436261644
436261648
436261652
436261656
436261668
436261672
436261676
436261680
436261684
436261688
436261700
436261704
436261708
436261712
436261716
436261720
436261732
436261736
436261740
436261744
436261748
436261752
436261764
436261768
436261772
436261776
436261780
436261784
436261796
436261800
436261804
436261808
436261812
436261816
436261828
436261832
436261836
436261840
436261844
436261848
436261860
436261864
436261868
436261872
436261876
436261880
436261892
436261896
436261900
436261904
436261908
436261912
436261924
436261928
436261932
436261936
436261940
436261944
436261956
436261960
436261964
436261968
436261972
436261976
436261988
436261992
436261996
436262000
436262004
436262008
436262020
436262024
436262028
436262032
436262036
436262040
436262052
436262056
436262060
436262064
436262068
436262072
436262084
436262088
436262092
436262096
436262100
436262104
436262116
436262120
436262124
436262128
436262132
436262136
436262148
436262152
436262156
436262160
436262164
436262168
436262180
436262184
436262188
436262192
436262196
436262200
436262212
436262216
436262220
436262224
436262228
436262232
436262244
436262248
436262252
436262256
436262260
436262264
436262276
436262280
436262284
436262288
436262292
436262296
436262308
436262312
436262316
436262320
436262324
436262328
436262340
436262344
436262348
436262352
436262356
436262360
436262372
436262376
436262380
436262384
436262388
436262392
436262404
436262408
436262412
436262416
436262420
436262424
436262436
436262440
436262444
436262448
436262452
436262456
436262468
436262472
436262476
436262480
436262484
436262488
436262500
436262504
436262508
436262512
436262516
436262520
436262532
436262536
436262540
436262544
436262548
436262552
436262564
436262568
436262572
436262576
436262580
436262584
436262596
436262600
436262604
436262608
436262612
436262616
436264996
436265000
436265004
436265008
436265012
436265016
436265028
436265032
436265036
436265040
436265044
436265048
436265060
436265064
436265068
436265072
436265076
436265080
436265092
436265096
436265100
436265104
436265108
436265112
436265124
436265128
436265132
436265136
436265140
436265144
436265156
436265160
436265164
436265168
436265172
436265176
436265188
436265192
436265196
436265200
436265204
436265208
436265220
436265224
436265228
436265232
436265236
436265240
436265252
436265256
436265260
436265264
436265268
436265272
436265284
436265288
436265292
436265296
436265300
436265304
436265316
436265320
436265324
436265328
436265332
436265336
436265348
436265352
436265356
436265360
436265364
436265368
436265380
436265384
436265388
436265392
436265396
436265400
436265412
436265416
436265420
436265424
436265428
436265432
436265444
436265448
436265452
436265456
436265460
436265464
436265476
436265480
436265484
436265488
436265492
436265496
436265508
436265512
436265516
436265520
436265524
436265528
436265540
436265544
436265548
436265552
436265556
436265560
436265572
436265576
436265580
436265584
436265588
436265592
436265604
436265608
436265612
436265616
436265620
436265624
436265636
436265640
436265644
436265648
436265652
436265656
436265668
436265672
436265676
436265680
436265684
436265688
436265700
436265704
436265708
436265712
436265716
436265720
436265732
436265736
436265740
436265744
436265748
436265752
436265764
436265768
436265772
436265776
436265780
436265784
436265796
436265800
436265804
436265808
436265812
436265816
436265828
436265832
436265836
436265840
436265844
436265848
436265860
436265864
436265868
436265872
436265876
436265880
436265892
436265896
436265900
436265904
436265908
436265912
436265924
436265928
436265932
436265936
436265940
436265944
436265956
436265960
436265964
436265968
436265972
436265976
436265988
436265992
436265996
436266000
436266004
436266008
436266020
436266024
436266028
436266032
436266036
436266040
436266052
436266056
436266060
436266064
436266068
436266072
436266084
436266088
436266092
436266096
436266100
436266104
436266116
436266120
436266124
436266128
436266132
436266136
436266148
436266152
436266156
436266160
436266164
436266168
436266180
436266184
436266188
436266192
436266196
436266200
436266212
436266216
436266220
436266224
436266228
436266232
436266244
436266248
436266252
436266256
436266260
436266264
436266276
436266280
436266284
436266288
436266292
436266296
436266308
436266312
436266316
436266320
436266324
436266328
436266340
436266344
436266348
436266352
436266356
436266360
436266372
436266376
436266380
436266384
436266388
436266392
436266404
436266408
436266412
436266416
436266420
436266424
436266436
436266440
436266444
436266448
436266452
436266456
436266468
436266472
436266476
436266480
436266484
436266488
436266500
436266504
436266508
436266512
436266516
436266520
436266532
436266536
436266540
436266544
436266548
436266552
436266564
436266568
436266572
436266576
436266580
436266584
436266596
436266600
436266604
436266608
436266612
436266616
436266628
436266632
436266636
436266640
436266644
436266648
436266660
436266664
436266668
436266672
436266676
436266680
436266692
436266696
436266700
436266704
436266708
436266712
436277284
436277288
436277292
436277296
436277300
436277304
436277316
436277320
436277324
436277328
436277332
436277336
436277348
436277352
436277356
436277360
436277364
436277368
436277380
436277384
436277388
436277392
436277396
436277400
436277412
436277416
436277420
436277424
436277428
436277432
436277444
436277448
436277452
436277456
436277460
436277464
436277476
436277480
436277484
436277488
436277492
436277496
436277508
436277512
436277516
436277520
436277524
436277528
436277540
436277544
436277548
436277552
436277556
436277560
436277572
436277576
436277580
436277584
436277588
436277592
436277604
436277608
436277612
436277616
436277620
436277624
436277636
436277640
436277644
436277648
436277652
436277656
436277668
436277672
436277676
436277680
436277684
436277688
436277700
436277704
436277708
436277712
436277716
436277720
436277732
436277736
436277740
436277744
436277748
436277752
436277764
436277768
436277772
436277776
436277780
436277784
436277796
436277800
436277804
436277808
436277812
436277816
436277828
436277832
436277836
436277840
436277844
436277848
436277860
436277864
436277868
436277872
436277876
436277880
436277892
436277896
436277900
436277904
436277908
436277912
436277924
436277928
436277932
436277936
436277940
436277944
436277956
436277960
436277964
436277968
436277972
436277976
436277988
436277992
436277996
436278000
436278004
436278008
436278020
436278024
436278028
436278032
436278036
436278040
436278052
436278056
436278060
436278064
436278068
436278072
436278084
436278088
436278092
436278096
436278100
436278104
436278116
436278120
436278124
436278128
436278132
436278136
436278148
436278152
436278156
436278160
436278164
436278168
436278180
436278184
436278188
436278192
436278196
436278200
436278212
436278216
436278220
436278224
436278228
436278232
436278244
436278248
436278252
436278256
436278260
436278264
436278276
436278280
436278284
436278288
436278292
436278296
436278308
436278312
436278316
436278320
436278324
436278328
436278340
436278344
436278348
436278352
436278356
436278360
436278372
436278376
436278380
436278384
436278388
436278392
436278404
436278408
436278412
436278416
436278420
436278424
436278436
436278440
436278444
436278448
436278452
436278456
436278468
436278472
436278476
436278480
436278484
436278488
436278500
436278504
436278508
436278512
436278516
436278520
436278532
436278536
436278540
436278544
436278548
436278552
436278564
436278568
436278572
436278576
436278580
436278584
436278596
436278600
436278604
436278608
436278612
436278616
436278628
436278632
436278636
436278640
436278644
436278648
436278660
436278664
436278668
436278672
436278676
436278680
436278692
436278696
436278700
436278704
436278708
436278712
436278724
436278728
436278732
436278736
436278740
436278744
436278756
436278760
436278764
436278768
436278772
436278776
436278788
436278792
436278796
436278800
436278804
436278808
436278820
436278824
436278828
436278832
436278836
436278840
436278852
436278856
436278860
436278864
436278868
436278872
436278884
436278888
436278892
436278896
436278900
436278904
436278916
436278920
436278924
436278928
436278932
436278936
436278948
436278952
436278956
436278960
436278964
436278968
436278980
436278984
436278988
436278992
436278996
436279000
436279012
436279016
436279020
436279024
436279028
436279032
436279044
436279048
436279052
436279056
436279060
436279064
436279076
436279080
436279084
436279088
436279092
436279096
436279108
436279112
436279116
436279120
436279124
436279128
436279140
436279144
436279148
436279152
436279156
436279160
436279172
436279176
436279180
436279184
436279188
436279192
436281380
436281384
436281388
436281392
436281396
436281400
436281412
436281416
436281420
436281424
436281428
436281432
436281444
436281448
436281452
436281456
436281460
436281464
436281476
436281480
436281484
436281488
436281492
436281496
436281508
436281512
436281516
436281520
436281524
436281528
436281540
436281544
436281548
436281552
436281556
436281560
436281572
436281576
436281580
436281584
436281588
436281592
436281604
436281608
436281612
436281616
436281620
436281624
436281636
436281640
436281644
436281648
436281652
436281656
436281668
436281672
436281676
436281680
436281684
436281688
436281700
436281704
436281708
436281712
436281716
436281720
436281732
436281736
436281740
436281744
436281748
436281752
436281764
436281768
436281772
436281776
436281780
436281784
436282052
436282056
436282060
436282064
436282068
436282072
436282084
436282088
436282092
436282096
436282100
436282104
436282116
436282120
436282124
436282128
436282132
436282136
436282148
436282152
436282156
436282160
436282164
436282168
436282180
436282184
436282188
436282192
436282196
436282200
436282212
436282216
436282220
436282224
436282228
436282232
436282244
436282248
436282252
436282256
436282260
436282264
436282276
436282280
436282284
436282288
436282292
436282296
436282308
436282312
436282316
436282320
436282324
436282328
436282340
436282344
436282348
436282352
436282356
436282360
436282372
436282376
436282380
436282384
436282388
436282392
436282404
436282408
436282412
436282416
436282420
436282424
436282436
436282440
436282444
436282448
436282452
436282456
436282468
436282472
436282476
436282480
436282484
436282488
436282500
436282504
436282508
436282512
436282516
436282520
436282532
436282536
436282540
436282544
436282548
436282552
436282564
436282568
436282572
436282576
436282580
436282584
436282596
436282600
436282604
436282608
436282612
436282616
436282628
436282632
436282636
436282640
436282644
436282648
436282660
436282664
436282668
436282672
436282676
436282680
436282692
436282696
436282700
436282704
436282708
436282712
436282724
436282728
436282732
436282736
436282740
436282744
436282756
436282760
436282764
436282768
436282772
436282776
436282788
436282792
436282796
436282800
436282804
436282808
436282820
436282824
436282828
436282832
436282836
436282840
436282852
436282856
436282860
436282864
436282868
436282872
436282884
436282888
436282892
436282896
436282900
436282904
436282916
436282920
436282924
436282928
436282932
436282936
436282948
436282952
436282956
436282960
436282964
436282968
436282980
436282984
436282988
436282992
436282996
436283000
436283012
436283016
436283020
436283024
436283028
436283032
436283044
436283048
436283052
436283056
436283060
436283064
436283076
436283080
436283084
436283088
436283092
436283096
436283108
436283112
436283116
436283120
436283124
436283128
436283140
436283144
436283148
436283152
436283156
436283160
436283172
436283176
436283180
436283184
436283188
436283192
436283204
436283208
436283212
436283216
436283220
436283224
436283236
436283240
436283244
436283248
436283252
436283256
436283268
436283272
436283276
436283280
436283284
436283288
436293668
436293672
436293676
436293680
436293684
436293688
436293700
436293704
436293708
436293712
436293716
436293720
436293732
436293736
436293740
436293744
436293748
436293752
436293764
436293768
436293772
436293776
436293780
436293784
436293796
436293800
436293804
436293808
436293812
436293816
436293828
436293832
436293836
436293840
436293844
436293848
436293860
436293864
436293868
436293872
436293876
436293880
436293892
436293896
436293900
436293904
436293908
436293912
436293924
436293928
436293932
436293936
436293940
436293944
436293956
436293960
436293964
436293968
436293972
436293976
436293988
436293992
436293996
436294000
436294004
436294008
436294020
436294024
436294028
436294032
436294036
436294040
436294052
436294056
436294060
436294064
436294068
436294072
436294084
436294088
436294092
436294096
436294100
436294104
436294116
436294120
436294124
436294128
436294132
436294136
436294148
436294152
436294156
436294160
436294164
436294168
436294180
436294184
436294188
436294192
436294196
436294200
436294212
436294216
436294220
436294224
436294228
436294232
436294244
436294248
436294252
436294256
436294260
436294264
436294276
436294280
436294284
436294288
436294292
436294296
436294308
436294312
436294316
436294320
436294324
436294328
436294340
436294344
436294348
436294352
436294356
436294360
436294372
436294376
436294380
436294384
436294388
436294392
436294404
436294408
436294412
436294416
436294420
436294424
436294436
436294440
436294444
436294448
436294452
436294456
436294468
436294472
436294476
436294480
436294484
436294488
436294500
436294504
436294508
436294512
436294516
436294520
436294532
436294536
436294540
436294544
436294548
436294552
436294564
436294568
436294572
436294576
436294580
436294584
436294596
436294600
436294604
436294608
436294612
436294616
436294628
436294632
436294636
436294640
436294644
436294648
436294660
436294664
436294668
436294672
436294676
436294680
436294692
436294696
436294700
436294704
436294708
436294712
436294724
436294728
436294732
436294736
436294740
436294744
436294756
436294760
436294764
436294768
436294772
436294776
436294788
436294792
436294796
436294800
436294804
436294808
436294820
436294824
436294828
436294832
436294836
436294840
436294852
436294856
436294860
436294864
436294868
436294872
436294884
436294888
436294892
436294896
436294900
436294904
436294916
436294920
436294924
436294928
436294932
436294936
436294948
436294952
436294956
436294960
436294964
436294968
436294980
436294984
436294988
436294992
436294996
436295000
436295016
436295020
436295024
436295028
436295032
436295076
436295080
436295084
436295088
436295092
436295096
436295108
436295112
436295116
436295120
436295124
436295128
436295140
436295144
436295148
436295152
436295156
436295160
436295172
436295176
436295180
436295184
436295188
436295192
436295204
436295208
436295212
436295216
436295220
436295224
436295236
436295240
436295244
436295248
436295252
436295256
436295268
436295272
436295276
436295280
436295284
436295288
436295300
436295304
436295308
436295312
436295316
436295320
436295332
436295336
436295340
436295344
436295348
436295352
436295364
436295368
436295372
436295376
436295380
436295384
436295396
436295400
436295404
436295408
436295412
436295416
436295428
436295432
436295436
436295440
436295444
436295448
436295460
436295464
436295468
436295472
436295476
436295480
436295492
436295496
436295500
436295504
436295508
436295512
436295524
436295532
436295540
436295556
436295560
436295564
436295568
436295572
436295576
436295588
436295592
436295596
436295600
436295604
436295608
436295620
436295624
436295628
436295632
436295636
436295640
436295652
436295656
436295660
436295664
436295668
436295672
436295684
436295688
436295692
436295696
436295700
436295704
436295716
436295720
436295724
436295728
436295732
436295736
436295748
436295752
436295756
436295760
436295764
436295768
436297764
436297768
436297772
436297776
436297780
436297784
436297796
436297800
436297804
436297808
436297812
436297816
436297828
436297832
436297836
436297840
436297844
436297848
436297860
436297864
436297868
436297872
436297876
436297880
436297892
436297896
436297900
436297904
436297908
436297912
436297924
436297928
436297932
436297936
436297940
436297944
436297956
436297960
436297964
436297968
436297972
436297976
436297988
436297992
436297996
436298000
436298004
436298008
436298020
436298024
436298028
436298032
436298036
436298040
436298052
436298056
436298060
436298064
436298068
436298072
436298084
436298088
436298092
436298096
436298100
436298104
436298116
436298120
436298124
436298128
436298132
436298136
436298148
436298152
436298156
436298160
436298164
436298168
436298180
436298184
436298188
436298192
436298196
436298200
436298212
436298216
436298220
436298224
436298228
436298232
436298244
436298248
436298252
436298256
436298260
436298264
436298276
436298280
436298284
436298288
436298292
436298296
436298308
436298312
436298316
436298320
436298324
436298328
436298340
436298344
436298348
436298352
436298356
436298360
436298372
436298376
436298380
436298384
436298388
436298392
436298404
436298408
436298412
436298416
436298420
436298424
436298436
436298444
436298448
436298452
436298456
436298468
436298472
436298476
436298480
436298484
436298488
436298500
436298504
436298508
436298512
436298516
436298520
436298532
436298536
436298540
436298544
436298548
436298552
436298564
436298568
436298572
436298576
436298580
436298584
436298596
436298600
436298604
436298608
436298612
436298616
436298628
436298632
436298636
436298640
436298644
436298648
436298660
436298664
436298668
436298672
436298676
436298680
436298692
436298696
436298700
436298704
436298708
436298712
436298724
436298728
436298732
436298736
436298740
436298744
436298756
436298760
436298764
436298768
436298772
436298776
436298788
436298792
436298800
436298804
436298808
436298820
436298824
436298828
436298832
436298836
436298840
436298852
436298856
436298860
436298864
436298868
436298872
436298884
436298888
436298892
436298896
436298900
436298904
436298916
436298920
436298924
436298928
436298932
436298936
436298948
436298952
436298956
436298960
436298964
436298968
436298980
436298984
436298988
436298992
436298996
436299000
436299012
436299016
436299020
436299024
436299028
436299032
436299044
436299048
436299052
436299056
436299060
436299064
436299076
436299080
436299084
436299088
436299092
436299096
436299108
436299112
436299116
436299120
436299124
436299128
436299140
436299144
436299148
436299152
436299156
436299160
436299172
436299176
436299180
436299184
436299188
436299192
436299204
436299208
436299212
436299216
436299220
436299224
436299236
436299240
436299244
436299248
436299252
436299256
436299268
436299272
436299276
436299280
436299284
436299288
436299300
436299304
436299308
436299312
436299316
436299320
436299332
436299336
436299340
436299344
436299348
436299352
436299364
436299368
436299372
436299376
436299380
436299384
436299396
436299400
436299404
436299408
436299412
436299416
436299428
436299432
436299436
436299440
436299444
436299448
436299460
436299464
436299468
436299472
436299476
436299480
436299492
436299496
436299500
436299504
436299508
436299512
436299524
436299528
436299532
436299536
436299540
436299544
436299556
436299560
436299564
436299568
436299572
436299576
436299588
436299592
436299596
436299600
436299604
436299608
436299620
436299624
436299628
436299632
436299636
436299640
436299652
436299656
436299660
436299664
436299668
436299672
436299684
436299688
436299692
436299696
436299700
436299704
436299716
436299720
436299724
436299728
436299732
436299736
436299748
436299752
436299756
436299760
436299764
436299768
436299780
436299784
436299788
436299792
436299796
436299800
436299812
436299816
436299820
436299824
436299828
436299832
436299844
436299848
436299852
436299856
436299860
436299864
436310052
436310056
436310060
436310064
436310068
436310072
436310084
436310088
436310092
436310096
436310100
436310104
436310116
436310120
436310124
436310128
436310132
436310136
436310148
436310152
436310156
436310160
436310164
436310168
436310180
436310184
436310188
436310192
436310196
436310200
436310212
436310216
436310220
436310224
436310228
436310232
436310244
436310248
436310252
436310256
436310260
436310264
436310276
436310280
436310284
436310288
436310292
436310296
436310308
436310312
436310316
436310320
436310324
436310328
436310340
436310344
436310348
436310352
436310356
436310360
436310372
436310376
436310380
436310384
436310388
436310392
436310404
436310408
436310412
436310416
436310420
436310424
436310436
436310440
436310444
436310448
436310452
436310456
436310468
436310472
436310476
436310480
436310484
436310488
436310500
436310504
436310508
436310512
436310516
436310520
436310532
436310536
436310540
436310544
436310548
436310552
436310564
436310568
436310572
436310576
436310580
436310584
436310596
436310600
436310604
436310608
436310612
436310616
436310628
436310632
436310636
436310640
436310644
436310648
436310660
436310664
436310668
436310672
436310676
436310680
436310692
436310696
436310700
436310704
436310708
436310712
436310724
436310728
436310732
436310736
436310740
436310744
436310756
436310760
436310764
436310768
436310772
436310776
436310788
436310792
436310796
436310800
436310804
436310808
436310820
436310824
436310828
436310832
436310836
436310840
436310852
436310856
436310860
436310864
436310868
436310872
436310884
436310888
436310892
436310896
436310900
436310904
436310916
436310920
436310924
436310928
436310932
436310936
436310952
436310960
436310968
436310980
436310984
436310988
436310992
436310996
436311000
436311012
436311016
436311020
436311024
436311028
436311032
436311044
436311048
436311052
436311056
436311060
436311064
436311076
436311080
436311084
436311088
436311092
436311096
436311108
436311112
436311116
436311120
436311124
436311128
436311140
436311144
436311148
436311152
436311156
436311160
436311172
436311176
436311180
436311184
436311188
436311192
436311204
436311208
436311212
436311216
436311220
436311224
436311236
436311240
436311244
436311248
436311252
436311256
436311268
436311272
436311276
436311280
436311284
436311288
436311300
436311304
436311308
436311312
436311316
436311320
436311332
436311336
436311340
436311344
436311348
436311352
436311364
436311368
436311372
436311376
436311380
436311384
436311396
436311400
436311404
436311408
436311412
436311416
436311428
436311432
436311436
436311440
436311444
436311448
436311460
436311464
436311468
436311472
436311476
436311480
436311492
436311496
436311500
436311504
436311508
436311512
436311524
436311528
436311532
436311536
436311540
436311544
436311556
436311560
436311564
436311568
436311572
436311576
436311588
436311592
436311596
436311600
436311604
436311608
436311620
436311628
436311652
436311656
436311660
436311664
436311668
436311672
436311684
436311688
436311692
436311696
436311700
436311704
436311716
436311720
436311724
436311728
436311732
436311736
436311748
436311752
436311756
436311760
436311764
436311768
436311780
436311784
436311788
436311792
436311796
436311800
436311812
436311816
436311820
436311824
436311828
436311832
436311844
436311848
436311852
436311856
436311860
436311864
436311876
436311880
436311884
436311888
436311892
436311896
436311908
436311912
436311916
436311920
436311924
436311928
436311940
436311944
436311948
436311952
436311956
436311960
436311972
436311976
436311980
436311984
436311988
436311992
436312004
436312008
436312012
436312016
436312020
436312024
436312036
436312040
436312044
436312048
436312052
436312056
436312068
436312072
436312076
436312080
436312084
436312088
436312100
436312104
436312108
436312112
436312116
436312120
436312132
436312136
436312140
436312144
436312148
436312152
436312164
436312168
436312172
436312176
436312180
436312184
436312196
436312200
436312204
436312208
436312212
436312216
436312228
436312232
436312236
436312240
436312244
436312248
436312260
436312264
436312268
436312272
436312276
436312280
436312292
436312296
436312300
436312304
436312308
436312312
436312324
436312328
436312332
436312336
436312340
436312344
436312356
436312360
436312364
436312368
436312372
436312376
436312388
436312392
436312396
436312400
436312404
436312408
436314148
436314152
436314156
436314160
436314164
436314168
436314180
436314184
436314188
436314192
436314196
436314200
436314212
436314216
436314220
436314224
436314228
436314232
436314244
436314248
436314252
436314256
436314260
436314264
436314276
436314280
436314284
436314288
436314292
436314296
436314308
436314312
436314316
436314320
436314324
436314328
436314340
436314344
436314348
436314352
436314356
436314360
436314372
436314376
436314380
436314384
436314388
436314392
436314404
436314408
436314412
436314416
436314420
436314424
436314436
436314440
436314444
436314448
436314452
436314456
436314468
436314472
436314476
436314480
436314484
436314488
436314500
436314504
436314508
436314512
436314516
436314520
436314532
436314536
436314540
436314544
436314548
436314552
436314564
436314568
436314572
436314576
436314580
436314584
436314596
436314600
436314604
436314608
436314612
436314616
436314628
436314632
436314636
436314640
436314644
436314648
436314660
436314664
436314668
436314672
436314676
436314680
436314692
436314696
436314700
436314704
436314708
436314712
436314724
436314728
436314732
436314736
436314740
436314744
436314756
436314760
436314764
436314768
436314772
436314776
436314788
436314792
436314796
436314800
436314804
436314808
436314820
436314824
436314828
436314832
436314836
436314840
436314852
436314856
436314860
436314864
436314868
436314872
436314884
436314888
436314892
436314896
436314900
436314904
436314916
436314920
436314924
436314928
436314932
436314936
436314948
436314952
436314956
436314960
436314964
436314968
436314980
436314984
436314988
436314992
436314996
436315000
436315012
436315016
436315020
436315024
436315028
436315032
436315044
436315048
436315052
436315056
436315060
436315064
436315076
436315080
436315084
436315088
436315092
436315096
436315108
436315112
436315116
436315120
436315124
436315128
436315140
436315144
436315148
436315152
436315156
436315160
436315172
436315176
436315180
436315184
436315188
436315192
436315204
436315208
436315212
436315216
436315220
436315224
436315236
436315240
436315244
436315248
436315252
436315256
436315268
436315272
436315276
436315280
436315284
436315288
436315300
436315304
436315308
436315312
436315316
436315320
436315332
436315336
436315340
436315344
436315348
436315352
436315364
436315368
436315372
436315376
436315380
436315384
436315396
436315400
436315404
436315408
436315412
436315416
436315428
436315432
436315436
436315440
436315444
436315448
436315460
436315464
436315468
436315472
436315476
436315480
436315492
436315496
436315500
436315504
436315508
436315512
436315524
436315528
436315532
436315536
436315540
436315544
436315556
436315560
436315564
436315568
436315572
436315576
436315588
436315592
436315596
436315600
436315604
436315608
436315620
436315624
436315628
436315632
436315636
436315640
436315652
436315656
436315660
436315664
436315668
436315672
436315684
436315688
436315692
436315696
436315700
436315704
436315716
436315720
436315724
436315728
436315732
436315736
436315748
436315752
436315756
436315760
436315764
436315768
436315780
436315784
436315788
436315792
436315796
436315800
436315812
436315816
436315820
436315824
436315828
436315832
436315844
436315848
436315852
436315856
436315860
436315864
436315876
436315880
436315884
436315888
436315892
436315896
436315908
436315912
436315916
436315920
436315924
436315928
436315940
436315944
436315948
436315952
436315956
436315960
436315972
436315976
436315980
436315984
436315988
436315992
436316004
436316008
436316012
436316016
436316020
436316024
436316036
436316040
436316044
436316048
436316052
436316056
436316068
436316072
436316076
436316080
436316084
436316088
436316100
436316104
436316108
436316112
436316116
436316120
436316132
436316136
436316140
436316144
436316148
436316152
436316164
436316168
436316172
436316176
436316180
436316184
436316196
436316200
436316204
436316208
436316212
436316216
436316228
436316232
436316236
436316240
436316244
436316248
436316260
436316264
436316268
436316272
436316276
436316280
436316292
436316296
436316300
436316304
436316308
436316312
436316324
436316328
436316332
436316336
436316340
436316344
436316356
436316360
436316364
436316368
436316372
436316376
436316388
436316392
436316396
436316400
436316404
436316408
436316420
436316424
436316428
436316432
436316436
436316440
436316452
436316456
436316460
436316464
436316468
436316472
436316484
436316488
436316492
436316496
436316500
436316504
