00001 20180919071717 323011 104938 10
00001 20180919072117 323011 128615 10 23677
00002 20180919072406 323011 145367 15
00002 20180919072807 323011 168937 15 23570
00003 20180919073120 323011 188057 20
00003 20180919073521 323011 211479 20 23422
00004 20180919073714 323011 222658 25
00004 20180919074114 323011 246312 25 23654
00005 20180919074241 323011 254861 30
00005 20180919074642 323011 278542 30 23681
00006 20180919074814 323011 287676 35
00006 20180919075214 323011 311215 35 23539
00007 20180919075336 323011 319280 40
00007 20180919075737 323011 343031 40 23751
00008 20180919075900 323011 351251 50
00008 20180919080300 323011 374955 50 23704
00009 20180919080431 323011 383672 60
00009 20180919080831 323011 407480 60 23808
00010 20180919081003 323011 416440 70
00010 20180919081403 323011 440201 70 23761
00011 20180919081545 323011 450192 80
00011 20180919081946 323011 473777 80 23585
00012 20180919082132 323011 484235 90
00012 20180919082532 323011 507841 90 23606
00013 20180919082707 323011 517211 105
00013 20180919083108 323011 540839 105 23628
00014 20180919083252 323011 551051 120
00014 20180919083652 323011 574784 120 23733
00015 20180919083832 323011 584390 135
00015 20180919084232 323011 608233 135 23843
00016 20180919084350 323011 615838 150
00016 20180919084751 323011 639478 150 23640
00017 20180919084921 323011 648359 165
00017 20180919085321 323011 672010 165 23651
00018 20180919085502 323011 681981 180
00018 20180919085902 323011 705657 180 23676
00019 20180919090028 323011 714101 200
00019 20180919090429 323011 737611 200 23510
00020 20180919090628 323011 749566 225
00020 20180919091029 323011 773217 225 23651
00021 20180919091205 323011 782588 250
00021 20180919091606 323011 806257 250 23669
00022 20180919091800 323011 817473 275
00022 20180919092201 323011 841137 275 23664
00023 20180919092400 323011 852869 300
00023 20180919092800 323011 876577 300 23708
